1.0
1.0
1.0
1.0
1.0
1.0
1.0
1.0
1.0
1.0
1.0
1.0
1.0
1.0
1.0
1.0
1.0
1.0
1.0
1.0
1.0
1.0
1.0
1.0
1.0
1.0
1.0
1.0
1.0
1.0
1.0
1.0
1.0
1.0
1.0
1.0
1.0
1.0
1.0
1.0
1.0
1.0
1.0
1.0
1.0
1.0
1.0
1.0
1.0
1.0
1.0
1.0
1.0
1.0
1.0
1.0
1.0
1.0
1.0
1.0
1.0
1.0
1.0
1.0
1.0
1.0
1.0
1.0
1.0
1.0
1.0
1.0
1.0
1.0
1.0
1.0
1.0
1.0
1.0
1.0
1.0
1.0
1.0
1.0
1.0
1.0
1.0
1.0
1.0
1.0
1.0
1.0
1.0
1.0
1.0
1.0
1.0
1.0
1.0
1.0
1.0
1.0
1.0
1.0
1.0
1.0
1.0
1.0
1.0
1.0
1.0
1.0
1.0
1.0
1.0
1.0
1.0
1.0
1.0
1.0
1.0
1.0
1.0
1.0
1.0
1.0
1.0
1.0
1.0
1.0
0.8920683001937827
0.8465017941613111
0.9469305899690517
0.8542502559723186
0.7233566296105833
0.6578752794445158
0.7894016736343994
0.6948649624531812
0.5698579826556449
0.513463594742158
0.6244921300331376
0.5446980382831572
0.4353055945324988
0.3922044379303888
0.47850000083443645
0.41346646022297023
0.3217908096572571
0.2900795117176255
0.3495378105724451
0.30311983321749175
0.22552087833424603
0.20660433436521555
0.2244916544046612
0.21075883419406116
0.144522547673119
0.14107160483593456
0.10689299272473016
0.1281181406544432
0.10851375086418576
0.08414952949529357
1.0
1.0
1.0
1.0
1.0
1.0
1.0
1.0
1.0
1.0
1.0
1.0
1.0
1.0
1.0
1.0
1.0
1.0
1.0
1.0
1.0
1.0
1.0
1.0
1.0
1.0
1.0
1.0
1.0
1.0
1.0
1.0
1.0
1.0
1.0
1.0
1.0
1.0
1.0
1.0
1.0
1.0
1.0
1.0
1.0
1.0
1.0
1.0
1.0
1.0
1.0
1.0
1.0
1.0
1.0
1.0
1.0
1.0
1.0
1.0
1.0
1.0
1.0
1.0
1.0
1.0
1.0
1.0
1.0
1.0
1.0
1.0
1.0
1.0
1.0
1.0
1.0
1.0
1.0
1.0
1.0
1.0
1.0
1.0
1.0
1.0
1.0
1.0
1.0
1.0
1.0
1.0
1.0
1.0
1.0
1.0
1.0
1.0
1.0
1.0
1.0
1.0
1.0
1.0
1.0
1.0
1.0
1.0
1.0
1.0
1.0
1.0
1.0
1.0
1.0
1.0
1.0
1.0
0.9252072884751007
0.9458885884475144
0.871493061948538
0.8801499127569701
0.6978271908024305
0.7378982724631065
0.5423111146597343
0.6526148815462811
0.47437618317956476
0.5768628419792773
0.3776115829099989
0.45576781905915487
0.35580577063052554
0.4261732046487386
0.3142832523944345
0.3518695280226564
0.29328318872123116
0.3314460216423529
0.26096859064768513
0.28916911341357215
0.24268586871536701
0.2698470723375998
0.20980317204382917
0.23806985602540603
0.1941148569636451
0.22027732208647247
0.1637156346134528
0.1898471261500276
0.1505969165127296
0.1746104396436843
0.12689303546752495
0.14702940662749248
0.11547645085524166
0.13470990274456446
0.09626568300365529
0.11244326882031352
0.08371985355622073
0.10576347485926983
0.09604822664812199
0.07740586473987217
0.19694710721912315
0.10306996713033369
1.0
1.0
1.0
1.0
1.0
1.0
1.0
1.0
1.0
1.0
1.0
1.0
1.0
1.0
1.0
1.0
1.0
1.0
1.0
1.0
1.0
1.0
1.0
1.0
1.0
1.0
1.0
1.0
1.0
1.0
1.0
1.0
1.0
1.0
1.0
1.0
1.0
1.0
1.0
1.0
1.0
1.0
1.0
1.0
1.0
1.0
1.0
1.0
1.0
1.0
1.0
1.0
1.0
1.0
1.0
1.0
1.0
1.0
1.0
1.0
1.0
1.0
1.0
1.0
1.0
1.0
1.0
1.0
1.0
1.0
1.0
1.0
1.0
1.0
1.0
1.0
1.0
1.0
1.0
1.0
1.0
1.0
1.0
1.0
1.0
1.0
1.0
1.0
1.0
1.0
1.0
1.0
1.0
1.0
1.0
1.0
1.0
1.0
1.0
1.0
1.0
1.0
1.0
1.0
1.0
1.0
1.0
1.0
1.0
0.9947115731781051
0.8559153678324777
0.8378084821404185
0.7640080134112963
0.8065353547039925
0.6386352643818486
0.6871023446782105
0.5258680835063011
0.6077780610127296
0.495761841202487
0.5557319989696062
0.4892356434603681
0.49227210087342826
0.4576307133465526
0.46162175235086295
0.4508072676431011
0.45346899186545353
0.41911205807559554
0.4239465214048786
0.36932336040795266
0.4110344488879843
0.34583030463379066
0.3850416154124081
0.29682561960591325
0.3388950697730746
0.280909121122579
0.3213510539474458
0.24294702776628685
0.2757966132050725
0.23049392774408095
0.2625643259258505
0.19829587192899858
0.22601408776533022
0.1873192455350511
0.21446690209134264
0.15750148237032552
0.18292448630498864
0.14784488753974717
0.17271431540019935
0.12235661780807607
0.14349927114344047
0.113909174762863
0.1353737624578325
0.09761302966283035
0.10940023410443697
0.08869029183037473
0.1070606535544669
0.12138346450569704
0.0973418145187839
0.23287928914598152
0.13800314069135117
1.0
1.0
1.0
1.0
1.0
1.0
1.0
1.0
1.0
1.0
1.0
1.0
1.0
1.0
1.0
1.0
1.0
1.0
1.0
1.0
1.0
1.0
1.0
1.0
1.0
1.0
1.0
1.0
1.0
1.0
1.0
1.0
1.0
1.0
1.0
1.0
1.0
1.0
1.0
1.0
1.0
1.0
1.0
1.0
1.0
1.0
1.0
1.0
1.0
1.0
1.0
1.0
1.0
1.0
1.0
1.0
1.0
1.0
1.0
1.0
1.0
1.0
1.0
1.0
1.0
1.0
1.0
1.0
1.0
1.0
1.0
1.0
1.0
1.0
1.0
1.0
1.0
1.0
1.0
1.0
1.0
1.0
1.0
1.0
1.0
1.0
1.0
1.0
1.0
1.0
1.0
1.0
1.0
1.0
1.0
1.0
1.0
1.0
0.888988325030343
0.8591005512550034
0.8444438925856405
0.8374459869312875
0.6809449817690016
0.6952025813352238
0.5595623837550373
0.6405386859848475
0.5012910142386944
0.5658962743206677
0.48017767000981054
0.48794001535644965
0.44766083207925983
0.4505163189243362
0.48047504029944016
0.4421229192504025
0.4412240144208525
0.4085843222325155
0.4477120664912241
0.4314303408186798
0.41294543882622325
0.39861542942924155
0.40259316427874453
0.4023543318601341
0.37873332699977735
0.3766125397714652
0.37994605953117166
0.37142401633320504
0.3612245124938257
0.35302141661602265
0.3502713258857542
0.3547781169240498
0.3329839423879108
0.33826085721319005
0.2987140257848429
0.32602876765592564
0.28446063874105476
0.3103824561897458
0.24669650290032016
0.27838394227708446
0.2353111936276995
0.2655939813345811
0.201966124232598
0.2302536146633926
0.1921745285748515
0.21957713459546802
0.16299278028561845
0.18755064446323713
0.15437302483824447
0.17839158343293515
0.1289099746337743
0.1497271457465144
0.12176350928780537
0.14268479882944252
0.10523610978632165
0.11628068112831602
0.10344762703889165
0.11633274440782294
0.15367964029313205
0.1261145808350124
0.2431615671322983
0.1690128685862803
1.0
1.0
1.0
1.0
1.0
1.0
1.0
1.0
1.0
1.0
1.0
1.0
1.0
1.0
1.0
1.0
1.0
1.0
1.0
1.0
1.0
1.0
1.0
1.0
1.0
1.0
1.0
1.0
1.0
1.0
1.0
1.0
1.0
1.0
1.0
1.0
1.0
1.0
1.0
1.0
1.0
1.0
1.0
1.0
1.0
1.0
1.0
1.0
1.0
1.0
1.0
1.0
1.0
1.0
1.0
1.0
1.0
1.0
1.0
1.0
1.0
1.0
1.0
1.0
1.0
1.0
1.0
1.0
1.0
1.0
1.0
1.0
1.0
1.0
1.0
1.0
1.0
1.0
1.0
1.0
1.0
1.0
1.0
1.0
1.0
1.0
0.8924487358461645
0.853048830340687
0.8548807965369385
0.839675571167256
0.6923637437254537
0.6984549507153592
0.5793676515815446
0.6514516821420311
0.515133593691692
0.5740810921926367
0.4835898146742298
0.4990871171555345
0.44944375147255405
0.4579418381853754
0.4746526442958524
0.44300227546668836
0.43446258226242335
0.4081146701436918
0.4429618723671203
0.42416057396420603
0.40644222242214506
0.39056365768734463
0.386961645712839
0.3946694984941985
0.36102119734454136
0.3661644694887135
0.36246314857523226
0.35254592555617903
0.34289434101774663
0.3329838218270735
0.3579956571843133
0.336314151388035
0.33939276509722305
0.3198236060495605
0.3457229075233929
0.3323351053964632
0.32898718620519307
0.3161488200197478
0.3311379905253562
0.3223244389381301
0.31782546753869373
0.30840342203581506
0.31939684003733565
0.3127110496925361
0.3074128512315769
0.3011186640901853
0.2943655129432192
0.3025091028423869
0.2825744810894138
0.2909740492426077
0.25372023496383755
0.2766351857662813
0.24308310510819542
0.26511126417970154
0.21067666182300634
0.23714002763419778
0.20124201761767474
0.22674667633223133
0.17188284098495704
0.1957008226370519
0.16367992824762212
0.18689381967231888
0.13910708303161234
0.15846720498697395
0.13294173785864363
0.1523908539478156
0.11905246985790326
0.1278484932323754
0.12656981019815775
0.13145809085653823
0.17983211531411372
0.15556189343071364
0.24166871130818499
0.19126820620295443
1.0
1.0
1.0
1.0
1.0
1.0
1.0
1.0
1.0
1.0
1.0
1.0
1.0
1.0
1.0
1.0
1.0
1.0
1.0
1.0
1.0
1.0
1.0
1.0
1.0
1.0
1.0
1.0
1.0
1.0
1.0
1.0
1.0
1.0
1.0
1.0
1.0
1.0
1.0
1.0
1.0
1.0
1.0
1.0
1.0
1.0
1.0
1.0
1.0
1.0
1.0
1.0
1.0
1.0
1.0
1.0
1.0
1.0
1.0
1.0
1.0
1.0
1.0
1.0
1.0
1.0
1.0
1.0
1.0
1.0
1.0
0.9792835803686905
1.0
0.9762771609612922
0.8574057174686117
0.8049317657992464
0.818772112796195
0.8041662744524272
0.6698012382090119
0.6731898097866132
0.5722928573563633
0.6311136274202378
0.5137361140990503
0.5585252524146662
0.5045363543613347
0.4985320904064803
0.4648497651444382
0.45552800198594284
0.4934945114730119
0.455957333651266
0.4502441221167013
0.4181612408933535
0.45720699548069965
0.43819008967240336
0.41937622389140006
0.4029681131129371
0.3965724577745143
0.4066708060947681
0.3698183549117829
0.377122753097073
0.36503840260847803
0.3606589517568645
0.3450784765005559
0.34034040141925925
0.3534625946892365
0.33826717185118166
0.3352170924674237
0.3215404797853687
0.3359646369925073
0.32813644396882163
0.3187301236648839
0.3118359188520737
0.3124510399584244
0.31122907347495654
0.29891587803563324
0.29657861809781727
0.30263178560481585
0.2934364318519851
0.29124115428494407
0.282089448620473
0.29997640376099566
0.2870579177497172
0.28903496955791025
0.2768766296810762
0.29493612773498407
0.28466070261550086
0.28508734933924756
0.2748621820635025
0.28985784016816957
0.28099285352403836
0.28134566006526557
0.27244512946619986
0.2806666425228314
0.27797013609616783
0.27219360233964207
0.269986520080079
0.2564183162505023
0.26787045184911973
0.24747949212738313
0.2589364663914534
0.22015806117918796
0.24164356656208189
0.21134695291505737
0.23222333832337974
0.1824760600214508
0.20502372400792432
0.17466856852870372
0.1966124845578636
0.1508921109063884
0.1687912231173087
0.146044358994899
0.16383348500575723
0.13721957708177587
0.14323752867869352
0.1533353962635742
0.15073889264655166
0.19784701799982823
0.1815439340139019
0.23473770645825862
0.20523674682840004
1.0
1.0
1.0
1.0
1.0
1.0
1.0
1.0
1.0
1.0
1.0
1.0
1.0
1.0
1.0
1.0
1.0
1.0
1.0
1.0
1.0
1.0
1.0
1.0
1.0
1.0
1.0
1.0
1.0
1.0
1.0
1.0
1.0
1.0
1.0
1.0
1.0
1.0
1.0
1.0
1.0
1.0
1.0
1.0
1.0
1.0
1.0
1.0
1.0
1.0
1.0
1.0
1.0
1.0
1.0
1.0
1.0
1.0
0.915975715156583
0.842501330037921
0.9504350113325013
0.8583510290354606
0.7564678760663962
0.6984089077500273
0.707654640446985
0.7082699399055532
0.5955527643385886
0.6040351728075256
0.5301881350919706
0.5639754970465943
0.48551645600433596
0.5041375517251341
0.5161396396671268
0.4741170564696826
0.46956419279284667
0.4325637004454613
0.49923627785419017
0.4570315125331914
0.4542477672387485
0.417310836492433
0.4573213440234964
0.44009439320803173
0.4199551750848759
0.4045303410458257
0.4000925812298407
0.4065586961971782
0.37412821935780594
0.3775580338093186
0.37658821236022433
0.365026496920359
0.35606579759723966
0.34501616060789225
0.3668768091917466
0.3488244951321273
0.3477656616760461
0.33151711232471043
0.3478093062951164
0.3400517339073842
0.32992333016534675
0.3230979879130673
0.3205347061940063
0.3217831731887199
0.30653976144090395
0.30657567032688876
0.3056471346400475
0.30069062930809504
0.2942062594349093
0.2890682861897908
0.2968958070098734
0.289752571410993
0.28587795460545296
0.2793397686897839
0.2839427350230611
0.28109745785607776
0.27363256854557005
0.27071480109926743
0.27198524210403074
0.26873996168136954
0.2633979290796643
0.25972299790897907
0.2675351375926855
0.25987477968992584
0.25992542372035476
0.25240847795484633
0.26611946499544153
0.257128303654408
0.2589557658531487
0.25017145643335165
0.2648926791648101
0.2561900170369294
0.2586194456167449
0.24985766452737457
0.26329936908426954
0.25640867603132356
0.25757779357619864
0.25089474298166026
0.25295492215318305
0.2551462287631571
0.24648059608251052
0.24908298253586372
0.22753387142897116
0.24199926951764472
0.22009332747813196
0.23450423835564696
0.19384341150647413
0.2137697236057187
0.186820486134971
0.2063094379382106
0.16411579543264782
0.1804917221753567
0.16131830420629495
0.17698384383063798
0.1579104986566861
0.1616333198188293
0.179342932109324
0.17202820173333583
0.20866047758262124
0.2016898397434638
0.22565564335922328
0.21267448922710336
1.0
0.7306497145341989
1.0
0.48035988634013577
1.0
1.0
1.0
1.0
1.0
1.0
1.0
1.0
1.0
1.0
1.0
1.0
1.0
1.0
1.0
1.0
1.0
1.0
1.0
1.0
1.0
1.0
1.0
1.0
1.0
1.0
1.0
1.0
1.0
1.0
1.0
1.0
1.0
1.0
1.0
0.9313030655717289
1.0
0.977126291203676
0.8829739143612111
0.7869851213138879
0.9345808169808065
0.820066411561539
0.7377278417281636
0.6616436858595538
0.7182738310545391
0.6866505007275379
0.597301989231956
0.5807884234325891
0.5532094699476148
0.5611737998176783
0.49845522471154674
0.4964077615909614
0.5251145988783639
0.4814739756464501
0.4755262834679694
0.4346117527910748
0.5060767145363901
0.46125649056557494
0.4587571703995881
0.41877351603712537
0.4795105463786894
0.4440068897520692
0.43768683198102953
0.4066758885076418
0.4314116152042274
0.42296204467091525
0.3988531084958404
0.3903137979415035
0.38835486711847134
0.3861736338048363
0.3657579492018297
0.3610553680159888
0.3792017514475831
0.357999843373376
0.3589156275151392
0.33972470590178155
0.3711134605557324
0.35138149338463626
0.35177181218582576
0.3338974373020325
0.35100483482189687
0.34350439571974695
0.33334669222920404
0.32638712024760147
0.3267692098458685
0.3250894433601914
0.31318361889589663
0.3103536414389845
0.31606812309259086
0.3077129806775205
0.3045526325804746
0.2964000409709765
0.3085221484923274
0.30016249398006045
0.297255951950572
0.28960549439434874
0.2943799568885303
0.2922345297273837
0.28381537230187803
0.28157886818639805
0.2796351405662912
0.2786152347940281
0.2709947354813471
0.26942380626249907
0.2707623281805598
0.26718214407529345
0.2630061518798856
0.2594700866141531
0.26261252102344695
0.2597258653617838
0.2549541224272391
0.2521886940844825
0.25275444656254453
0.25122774289923716
0.24576074432478223
0.2439426953880137
0.24618537504587384
0.24250214914486087
0.24017230514374693
0.23631703988361225
0.24417879969687648
0.23791547453808126
0.23873837825794184
0.2325531749001711
0.24441182181424637
0.23693463973707674
0.23968301567851777
0.23218035188757516
0.2462334828481152
0.23840646847759886
0.24242180943015643
0.23458206609049684
0.2450539787145396
0.2415317015797355
0.24108288739369624
0.23791903400350853
0.2314020471505758
0.23864097504410337
0.22608151077509572
0.23367503777551865
0.2049568185649794
0.22083921477632645
0.19940506544590492
0.2151112292122986
0.17887921192802173
0.19340293272935188
0.17884978972402246
0.1917438288282615
0.17929551071478256
0.18188940904865708
0.2016282440066214
0.19314020233777288
0.2139168895929349
0.215562073733337
0.21615364623533875
0.21543559248634978
0.04965142292031438
0.004525805208923105
0.05344222970949328
0.0031348456713813262
0.7505752597926965
0.055212365970435544
0.621290049088989
0.05796300566183754
1.0
0.6107200245794474
0.9479262322084313
0.4497259718744968
1.0
0.9268054154460346
1.0
0.7252240264346479
1.0
0.9999444839902282
1.0
0.7974301054349116
1.0
0.9621622671975023
0.9105096357247419
0.7659492549749649
1.0
0.8462944408492098
0.7942139833451743
0.6705832102375857
0.8231100928107814
0.7336497655013248
0.660090846050836
0.6025294532759248
0.6353175906423725
0.6129653144787264
0.5458022632136407
0.5274583035653597
0.532446075683988
0.5161665992294606
0.47916696537109277
0.4582743468155845
0.5193953411314041
0.4611618989111453
0.4689322595833251
0.4165541185813942
0.49567416809058057
0.4525479833640883
0.44913217332514366
0.40986599369806714
0.4691306300205153
0.43379625749341044
0.42831763102557247
0.3970846511434661
0.4274539615331937
0.4136918687656694
0.39507606010225277
0.3816041352813377
0.39064271972412246
0.382375179906503
0.3672655469299234
0.3571927523756119
0.3814215179084107
0.35887371368769716
0.3604796255067514
0.3399269435048495
0.3741209349007332
0.35252042827198565
0.3546450666097153
0.33469627108276817
0.3623151438033025
0.3468960199564543
0.3439324613739826
0.32984129011491115
0.3401399395547404
0.3354727764516233
0.3244654767547835
0.31936285079624444
0.3240510293641163
0.3173049942982751
0.311919540238846
0.3046585010213617
0.3193194635661372
0.30755435899380335
0.3081120117146444
0.2970352991424162
0.3126730446964684
0.3038339064718427
0.301460948705993
0.2932589868267479
0.29918880543023657
0.2962965201714537
0.2890021898745338
0.28581224247682796
0.2874941673218823
0.284129189130798
0.2792269616420377
0.2754896787880123
0.2812900458454155
0.27591196696690334
0.2736776533015878
0.2685278696237016
0.27383048129622933
0.27058620381847087
0.26622186663434405
0.263129816107021
0.26300168401148905
0.26245405737828686
0.25611354050947843
0.2551870877518489
0.2538474270435215
0.25267510772319945
0.24778979048164695
0.24638275607559684
0.24676854535081716
0.2450829464651281
0.24088250850211718
0.23920306547535694
0.2389187638727165
0.23807481476889528
0.23317097848159116
0.23216678167192575
0.23178359079046723
0.23029687914334607
0.22666950606532527
0.22494240309536442
0.2282029986164462
0.22451670311280195
0.22374385432584445
0.2200031574972393
0.22809309852758705
0.2223695465506722
0.2243992250384917
0.21863861855290323
0.23109788886856433
0.22377367352008182
0.2285544495979271
0.22111833067487774
0.23513027357947885
0.22877103817709168
0.23324659107855153
0.22702746429860637
0.23179130818903945
0.23289980508951028
0.22903484466534701
0.23060742640915244
0.21496100302212637
0.22583649240455653
0.21169622892992115
0.22259357787464643
0.19496961452652556
0.2071594268838871
0.19802898004728411
0.2076405634953049
0.1996506622721719
0.20257236552840407
0.21883687027860604
0.21229690233910184
0.21527834940737173
0.22398391376386467
0.20713059436532988
0.2151412663756111
0.0032313836757004093
0.0010305139851486294
0.004462569640497807
0.001
0.058918611218904064
0.010909265926968675
0.07741457901226195
0.013712193125037611
0.3407019710236126
0.12249602940083677
0.3282307513499158
0.1257480349294898
0.49526395951116275
0.3096616934378218
0.4460711650624976
0.2879555701697573
0.527441783038028
0.41256909714702517
0.4736845731639763
0.37192608006141653
0.5269292292232877
0.4475984812818592
0.47608293278046837
0.40401584485916237
0.502631391237108
0.45682480772439177
0.4561793365742052
0.4135575853069858
0.4817451646427264
0.4406273898530119
0.43902826357237723
0.4028787005584188
0.44580732411209656
0.4238171656005932
0.4094466334277613
0.3894712324546025
0.4062403932476782
0.39554907260556826
0.3783449298034237
0.36698701955178764
0.3799811947551004
0.36694598774533127
0.358743995529242
0.34452762587541363
0.3760305057701268
0.3514846165368844
0.35550319318901297
0.333479975827443
0.36763033107121124
0.3474035423051305
0.3486465348786952
0.3297683069041472
0.356241507293369
0.34105067215928564
0.3385117166477376
0.3244891146681453
0.3378004854483241
0.33046205672517587
0.3227594546257284
0.31514443939110476
0.3247441071667891
0.3159981529282537
0.3126682124753688
0.30368785835668466
0.32065976364609333
0.3083746647646831
0.3095109381493349
0.2978792713727525
0.31663954009575473
0.30554691759619645
0.30582492563205027
0.29533437529656664
0.3076109966336599
0.3013585710344865
0.2970495159630983
0.2909718570359675
0.29540648876795905
0.29198077932779753
0.2865410080883304
0.2826212644385083
0.2888820382491666
0.28281865455983435
0.281390525267676
0.27535749417691496
0.2853248415536019
0.2787908786018865
0.2779478500077934
0.27175210198884064
0.27860698501530035
0.2749959660155819
0.2712753006545686
0.2676738590050956
0.2695639076723129
0.26772623949525665
0.26317161729527
0.2609544066075016
0.2631991096694893
0.26032773162157197
0.2575894448287246
0.25463217726404636
0.2580287074297877
0.25540811739144725
0.2524924338474195
0.24993944452801592
0.2506477004731562
0.24996052622796774
0.24521320759205498
0.24431208825361717
0.24241162157894466
0.24235377397347452
0.23743459156568072
0.2370741664700632
0.23540782262594948
0.2349643677853865
0.230638043532687
0.23007465790333567
0.22849647658517558
0.228313540551447
0.2237145432194992
0.22340608753538782
0.22152586465252072
0.22124084238211564
0.21705527666731741
0.21654904514065573
0.21672645039649657
0.21494765131434065
0.21284728770042488
0.21094151402297684
0.215506145119941
0.21156608078172642
0.21247467505467282
0.20846910502005475
0.21840536759504517
0.21219097132167783
0.21669958975831788
0.2103434692165082
0.22499401289693216
0.21764234538926408
0.2246862170029468
0.2172752900862825
0.22956740037042203
0.22613242976476294
0.22946339104384925
0.22634294423431442
0.22339013616953254
0.22891817344363732
0.22316351341246907
0.2287059469439507
0.21174126233559756
0.22115927293815843
0.21763946198608772
0.2238135400847985
0.21762817996674724
0.2222036151081089
0.23090859888422105
0.22838372693962194
0.21418435332801875
0.2282893274030285
0.19905655127253757
0.2130920272637238
0.001
0.001
0.001022939008540387
0.001
0.013657565925177226
0.0024556342262258344
0.021440220291618163
0.004416612013307395
0.11924874519711486
0.0459641203748478
0.14821570747206197
0.0566173137830133
0.27059812942473
0.17703704668175071
0.2757506345887866
0.17815708202794636
0.34510731218872914
0.2791037199991363
0.3334692084892354
0.268752807070905
0.37375827082423835
0.32888951267301564
0.35701840108209754
0.3146318306978294
0.3821399624315661
0.35077892421885587
0.3628050708860006
0.33458795111786144
0.3747135133264235
0.354530137952463
0.35598456738994566
0.33713244018951977
0.36393669369424103
0.34834028272734513
0.3455909787623025
0.3314350106993794
0.3463164572570108
0.33759391456228055
0.3300637312361565
0.3214682526768641
0.3285848946540969
0.32248981340218286
0.3151363337918891
0.30851306801683
0.31979581938385576
0.30953382918812844
0.30854851393099136
0.2984792375055577
0.3167506815092166
0.3049282469904485
0.30594184244894174
0.2947314245816564
0.31241163371959485
0.3021875709574456
0.3020554921698655
0.2922940100835555
0.3045693350430985
0.2980081469992213
0.2947782355430147
0.2882580582717079
0.29504438664105925
0.29036562305955516
0.28668222250061765
0.28166071234180523
0.29009179556904924
0.28343176473792275
0.28289893035881325
0.27632497453199767
0.287835648244309
0.2806565148964415
0.28090139869226677
0.27398780176089754
0.28386896263207734
0.27853397383881845
0.27683226953213425
0.2716616512787539
0.2765750511595282
0.2738103787441183
0.27005793791059846
0.26701332541232126
0.27015365598297786
0.26710778842312644
0.2646438898989964
0.26135469106105724
0.2667292365895233
0.26268123471819593
0.26157276478024377
0.2575940594982094
0.2628946518412726
0.25982095204279365
0.25766977477227077
0.25461742104107143
0.2568192334452502
0.2554014938312264
0.25189673477855307
0.25020613877082526
0.2509851095037165
0.2495932119756696
0.24664060243170163
0.2450215524495157
0.24646007922083948
0.24487296010703097
0.24229825135673103
0.2406521406164348
0.24107850739304676
0.2405209990245734
0.2368310399940881
0.23612331579169543
0.23419322969580048
0.2346053949509172
0.23005717747389592
0.2301861247643544
0.2273481477004107
0.22780619467836896
0.22332863769207265
0.22358876910513956
0.22071679152523746
0.22121503277279192
0.21664792467689326
0.217005974216681
0.2139664462660868
0.2144556297739157
0.21001075138839428
0.2103102554234848
0.208448207266017
0.2079764414581076
0.20496827778199228
0.2043452620263015
0.20606162956798196
0.20365488460453518
0.20346316840093145
0.20096971981215106
0.20820957823985445
0.20328334217815447
0.20707019818549463
0.2020069412409512
0.2157252839885579
0.2084303275509964
0.21656366821595383
0.2090870616244708
0.22583089775883647
0.21938877077392754
0.2282048721528362
0.22178949091035075
0.23014437537354324
0.23053199295152646
0.23345007033239443
0.2335890997622806
0.22823609487926358
0.23462700714360787
0.23622117652426786
0.23917433418386352
0.2324378911781788
0.2395367020993751
0.23858285351759925
0.2409607172295538
0.21177919027804126
0.2298411815891775
0.19217760411960902
0.21027414590445828
0.001
0.001
0.001
0.001
0.0041746560830925785
0.001
0.00682644037327462
0.0019887672132598015
0.05342285431297089
0.020989876966104458
0.07412676941007752
0.02942673178539176
0.1717607783030002
0.10768593518585348
0.19058175527079582
0.11800059395849713
0.259998405290373
0.20442765287434977
0.2644017379945522
0.20927255452537036
0.30411026830331966
0.2680138167350707
0.30068181792134885
0.2669242283608633
0.3225663276003729
0.30058130118682014
0.31477315148675583
0.29463864693025477
0.32493038051787565
0.312259226634014
0.31493663211971173
0.3030423467673799
0.31977560450556425
0.3110571018236941
0.30934857469697263
0.3010245079189361
0.31095820839260213
0.30532212375647133
0.30079241855655703
0.2951449039798563
0.29968251670685225
0.29629751163993784
0.29062871064774265
0.2867938967819686
0.2909528238705401
0.28664500470211446
0.283418954411762
0.2787571830935379
0.28754928879733727
0.2810058311514348
0.2808129899670227
0.27442246228801753
0.2854455021263049
0.2789580262871415
0.27896123697682995
0.27265949831239156
0.28194426716509347
0.27699368852646233
0.27558464140784755
0.27068425493814596
0.2762249077645697
0.2731113935932603
0.27037156596239514
0.2669922175994593
0.27150777694885236
0.2680253255602149
0.26651507710408784
0.26283169491913644
0.2693243538083012
0.2650272513207767
0.26466055511127634
0.26039531433089874
0.267145235131187
0.2633695890704029
0.26240902498288954
0.25869669322234
0.26297407558094793
0.26076472227713937
0.25831221907260504
0.2559312386318804
0.25785611319121704
0.2562884009329383
0.25370772368546957
0.2518340086835407
0.25427042097622793
0.252097057849257
0.25051055771922387
0.2482209167451619
0.25139514273289126
0.24931307109802725
0.24765095123485695
0.24552643901840554
0.24731020881030005
0.24625032452470563
0.243609237114828
0.2423501909394675
0.24247575396909934
0.24191247718551498
0.23908114505335706
0.2382501058497105
0.2382499380833272
0.23758910102051445
0.23504087710775498
0.2342194242371976
0.23383813287734256
0.2336609683017871
0.2305172465132507
0.23019052531056722
0.22810629789231496
0.22879474894355176
0.22468050379992208
0.22512278073103267
0.22163066133451598
0.2226812827257694
0.2181764509995606
0.21899499952794865
0.2150589757691509
0.21616603620480113
0.21151862728877088
0.21245780568382117
0.20839380579127623
0.20947627706425082
0.20486450561987093
0.20577782364931385
0.20247678504254418
0.2029079534848219
0.19932249584094883
0.19960334996493598
0.19915240199204934
0.19795813462715436
0.19687685014823644
0.19558543183160668
0.20035860454831947
0.19666930788696177
0.19963746865926865
0.19582960177572184
0.20789110915905054
0.2011880646397052
0.20958206321790454
0.2026457297505356
0.22157542103847436
0.21338703906922177
0.22611704755932574
0.21763723976386443
0.23532849913007184
0.23118974122042169
0.24226600064890536
0.23740893194813234
0.24337521819942948
0.24671832279396427
0.2524328007547479
0.25260578248042265
0.24383777543367668
0.2537284631709916
0.24294528820688416
0.25010843564922314
0.20892192045859043
0.22980173067663826
0.18661665379509879
0.20740117692406276
0.001
0.001
0.001
0.001
0.0018601558261234841
0.001
0.0028410458536060864
0.0013184267157413684
0.02725058755467942
0.010150315728744818
0.04033120331029141
0.016695679725800678
0.11420166894748462
0.06745024006559787
0.13660993549274084
0.08168594363437301
0.20584454326587606
0.1580747596496421
0.21935628897580603
0.1716297056390568
0.2624598254951727
0.2314113586215825
0.26691725178624015
0.23812315680191662
0.2888265218487095
0.27201527889460253
0.287165848780301
0.27175374753165277
0.2965968974206839
0.287932473048368
0.2915251002602888
0.2833794801627722
0.29468155362967174
0.28988840095360513
0.28840209005426964
0.2836280701202471
0.28918600861982724
0.28617279281873786
0.28265100379048863
0.2794791218634918
0.2815562852496973
0.2799965602943624
0.2753831380048646
0.27338145157095456
0.274221718097856
0.2726725315328037
0.2689397358994475
0.26688549635007847
0.270158397352556
0.2670593015134307
0.26573247492280605
0.26246226963025276
0.26853192313265783
0.2647428334613491
0.2644360748828642
0.26066342815001514
0.26679761761047305
0.263571418525229
0.26274570457328084
0.2595192299795209
0.263534760009757
0.2615510664534061
0.2595862076233198
0.2573839809734449
0.25977009497689696
0.2581041454954741
0.2562831224460691
0.2543083548303621
0.2574378901679979
0.255183932192559
0.2542714957018145
0.25189052346208934
0.2558036238791803
0.25350209275839874
0.2526607221516787
0.25033253143587675
0.25327106784095954
0.25180092018577394
0.250067381654712
0.24846640200273123
0.24949879341521017
0.24881139912639963
0.24645110696794523
0.24546920796186555
0.24603211970093658
0.2451708152923911
0.24326472126041776
0.2421765892149534
0.24338927311853212
0.24231872866097828
0.2407196558365705
0.2395335807981444
0.24038063949690577
0.23980841308182
0.2376862568073031
0.2369465070724978
0.23651186594960252
0.23650074079884256
0.23391076736574293
0.2336349800940702
0.23259738932589802
0.23266543207960283
0.23010576928568663
0.2299491832973971
0.22862950375699817
0.22892996986320818
0.22603217237820875
0.2261597461007953
0.22367562414172124
0.22463345872073176
0.22086014573893015
0.22159945293728828
0.21763452960212665
0.2190955664068924
0.21464687958864934
0.21586858890997385
0.2111019200822036
0.21271089390039974
0.2079727226625014
0.20939074401218596
0.2044194931315125
0.20599439952845588
0.20125326486794867
0.20266841172264086
0.19826549829869122
0.19935182278060018
0.1954113823155435
0.19635733980094663
0.1942767322552222
0.19400885558711448
0.19229138549571345
0.1919249911759162
0.194619794873064
0.1920111737463711
0.19426357070361613
0.191557924316461
0.2017547194531989
0.19586662009703693
0.2041358631977089
0.1980086596731613
0.21757126252456022
0.2085830873916843
0.22392594300728264
0.2143702038323017
0.2391007318804375
0.23132852253695793
0.24930317193292492
0.2402612187067986
0.2561307114509808
0.2566198013720789
0.265261366989212
0.26313102500554697
0.25200265758441637
0.2643691666119174
0.24510304957925866
0.25620406414159136
0.20622882917561455
0.22906191693438016
0.18243131466339946
0.2049688326047119
0.001
0.001
0.001
0.001
0.0012899769512058868
0.001
0.001924838966822093
0.0011387283738815085
0.015302059840773291
0.005052633947875381
0.023910880696063383
0.010354391162290135
0.07940239593926941
0.043369653172269776
0.10204654051517052
0.060802090871900985
0.17029648053556168
0.12820201093023975
0.1903231973645761
0.14958784386890256
0.23611220945805042
0.20882702853830246
0.2465988906406823
0.22185120388318436
0.2687795591445717
0.2554215669730827
0.2714265785682676
0.2592995195557935
0.2799040012873737
0.2741589206456269
0.27815134703345684
0.2727291121048672
0.28013344540340807
0.2779175222500008
0.27658084289548496
0.27420042932546473
0.27613676286595124
0.2752731084171688
0.2720381678931554
0.2708800663759386
0.2703671727800262
0.27037051471205403
0.266266440516601
0.265813870230046
0.2642419104653989
0.26440324764550616
0.26062445876407253
0.26022794223343826
0.26000061558107995
0.2591395519453662
0.25714137930910635
0.25592722377937316
0.2582636864067103
0.2564829366361023
0.2558590955215249
0.25398966424083874
0.2572354470427015
0.2555480281879076
0.2548906846252786
0.25316131563709193
0.2553141647779545
0.2544050408630846
0.2528857933269946
0.25178081040567246
0.25246906629491905
0.2520311810322129
0.25018341646164594
0.2494078679607794
0.2501208118825217
0.24934541741735722
0.24807989558833848
0.24708121788447993
0.2485932952118233
0.24755233286921136
0.24666133644948646
0.245529921526516
0.2468418573994176
0.24620584703319784
0.24481754255182106
0.244058671260402
0.24402563645757963
0.2440566198018288
0.24192549836009006
0.24168580969880515
0.24083564153973866
0.24092829841259908
0.23886535731406672
0.2386770103986779
0.2382224671489386
0.2380466577454768
0.23639295764643814
0.23604614724846024
0.2357189618974824
0.23572388667704947
0.23386516851560044
0.23370970792695553
0.23254516661677405
0.23301742484795232
0.2306379732191579
0.23085862366392418
0.22894100194189335
0.2295934801627539
0.2270375299318014
0.22743228164852547
0.2251848359558361
0.22597119396036563
0.22317326706801163
0.22376271347251472
0.22068344244801466
0.221952125973675
0.21839527382134033
0.21945918466248807
0.2150066228450726
0.21680120745424633
0.2124258269551641
0.21398366293899376
0.20853172781797075
0.2105497170437821
0.2057474408929013
0.20756023172073762
0.20179809578535365
0.20379182115461958
0.19895810204900116
0.20079466488509368
0.19549302457914652
0.1970849434823877
0.19294006432646887
0.19439991008767213
0.19107580679704145
0.19151388830512944
0.18939665331226685
0.18973821881070285
0.19076202620173327
0.1890495612485385
0.1907893329127595
0.18899704977714332
0.1974113876882477
0.1923835647046733
0.20043095886241313
0.1951755734405346
0.21436395308805908
0.20525331530435525
0.22217593217152184
0.21229945075338374
0.2415903664406031
0.23126274793499113
0.25423556787186324
0.24215686173878254
0.2656503012453919
0.26364119389318424
0.2740740366820057
0.27001740997612844
0.25732387969097265
0.2713791880555019
0.2459890343871729
0.25970839964084524
0.20411743681002825
0.22824734739903335
0.17963901722864759
0.20329628868219363
0.001
0.001
0.001
0.001
0.0011393340165515866
0.001
0.0018311948597282035
0.0011029748622207937
0.009670538541836067
0.002882170532794496
0.016468691514942596
0.008084995640041977
0.059916470486585306
0.030904457378569183
0.08384728723152958
0.0534928276359992
0.14923013135622493
0.11299012294243603
0.17551708041467884
0.14214704724282332
0.22106689909955815
0.19789591573525836
0.23678109547528622
0.2163285215935401
0.2580141643667567
0.24769325573136133
0.2641408558468249
0.2549543865109004
0.27117974892332297
0.2678644866800595
0.2719983487118183
0.268897979762089
0.27262365499305696
0.272429057564109
0.2711764000813306
0.27074385094769304
0.26936011139540184
0.27028793235295273
0.2671339963722779
0.2676943644296757
0.2644237480142982
0.26587397785794115
0.2619752807274715
0.2629600175331756
0.2589995465647734
0.26051985712026776
0.25676611145177164
0.2577148133022425
0.254789616744245
0.2555060874427489
0.2532235331696739
0.25351031948462865
0.2528775428380776
0.2526759115874807
0.2518656559642979
0.25152273091214067
0.2520975618453431
0.2517828576486911
0.2511661572918251
0.2507868816641934
0.2508070912972698
0.25098856217049914
0.24966271200769036
0.24965487347998336
0.24853957251169176
0.24912511791069494
0.24730510637416528
0.24754896969670406
0.2462484480732163
0.2466125542173953
0.2451820661920344
0.24527916381724907
0.24471013232176556
0.24475118247739797
0.24380624102594875
0.24372474289364074
0.2432867519712268
0.2435196868267332
0.24226843481752278
0.24237682388064208
0.24099410901629428
0.2417396491313383
0.2397359937725043
0.24022505053544477
0.23803752141709916
0.23889996998700405
0.23677933561006906
0.23734065623041864
0.23542148204068497
0.23602091343598208
0.23431878913459264
0.23471885315905242
0.2331197858117505
0.2337468636360087
0.2319939375854189
0.23245966904312898
0.23033228266802278
0.23130767480326847
0.22904296932499768
0.2297754084068365
0.2269479599644505
0.2281117058029023
0.22556416224857329
0.22645726151879497
0.22329378477626435
0.22454951796057973
0.22178529783056797
0.22283031138515827
0.21901501171398863
0.2206405630055833
0.21718504999987415
0.21861093795310635
0.21356498499100604
0.21567855357394267
0.21134896882813464
0.21322914802079454
0.2071432682597287
0.20950801213136794
0.20467446393924923
0.20682834282891885
0.2003697014582157
0.20272610273952776
0.1978435825915832
0.20004317377063913
0.19397556629738816
0.19598082697524807
0.19174191766682636
0.1936194642111539
0.18932018526398645
0.19030440519859207
0.18799603803912177
0.18888584696530508
0.18860196350021463
0.1876117824930383
0.18908606628630525
0.18802600552986742
0.19487482128484432
0.19066332678631168
0.19856056709794934
0.19413240085649017
0.21230615962856897
0.20355324359319693
0.22121676694512787
0.21159556521641926
0.24288531842715502
0.2311845715778987
0.2567820753318679
0.24305246090135535
0.27132544135352954
0.2672828790185794
0.2785428657029983
0.27280899053842983
0.26022205090759226
0.2748404746478328
0.2462628873955779
0.2609914823897511
0.20285115517020388
0.22774818701541508
0.17824397902395156
0.20256797180003808
0.001
0.001
0.001
0.001
0.0011029853528289177
0.001
0.0018312353385436845
0.0011393881574563276
0.00808504921986088
0.0028823147743628694
0.016468692775143574
0.009670612031351082
0.05349278891711842
0.030904363649110672
0.08384693877690988
0.0599161955126466
0.14214705962163698
0.11298989346043259
0.17551691130926492
0.14922969718360624
0.21632853786273756
0.1978956536160037
0.23678214411482573
0.22106747785331268
0.25495429572650385
0.2476933067370412
0.2641406038614919
0.2580143197299007
0.2688978882088612
0.26786386827050424
0.27199870838271867
0.2711794044792258
0.270743894899964
0.2724290958632379
0.2711766341106563
0.2726235841862544
0.2676944135285494
0.2702877511787056
0.2671338317610098
0.26935952831910603
0.2629600754609894
0.2658738614813645
0.2619751984369076
0.26442329141300464
0.257714922229883
0.26051988230046025
0.25676643625108275
0.25899966287478543
0.2535103779714648
0.2555061177945917
0.2532235995140562
0.2547897927015608
0.25152285475639197
0.2526763608776765
0.2518658505524221
0.25287800889682116
0.250786967281075
0.25178326982933413
0.25116648071232245
0.2520982162086794
0.2496549966679704
0.25098915987551307
0.24966306290106857
0.25080785909352227
0.24754899000297861
0.2491254986718677
0.247305125554709
0.24853991906715323
0.2452791853712249
0.24661284062775626
0.2451819564791599
0.2462486385053938
0.24372486935017904
0.24475164252542012
0.2438062974757451
0.24471058533872317
0.24237696419948754
0.24351968264610843
0.24226916314971672
0.24328732861272356
0.240224994000567
0.2417396250630161
0.23973603110358174
0.24099414916539408
0.23734066761042868
0.23890017914406245
0.23677940745123685
0.23803776518817396
0.23471886617554164
0.23602103427503995
0.2343188368892044
0.2354216203343449
0.23245968371737766
0.23374706862752997
0.23199390702126288
0.23311996460806428
0.22977530666988683
0.2313076981978318
0.22904263759540053
0.23033211070040538
0.22645736534113783
0.22811214805579805
0.22556429966736977
0.22694834715820833
0.22283035137204027
0.2245497061819393
0.22178562486514186
0.22329424226490466
0.21861090636690994
0.22064129740786517
0.21718495984073471
0.21901561749201956
0.21322917992161045
0.21567914819536338
0.21134896158541083
0.21356540537908383
0.20682839304010833
0.2095082388451277
0.20467474796109686
0.2071435929319465
0.20004313706132587
0.202726146537374
0.19784369196069687
0.20036982658725053
0.1936195132665685
0.19598102138804874
0.19174212064151785
0.19397575247814802
0.18888592127760534
0.19030460558334966
0.187996313431763
0.18932036620358259
0.18802591136828853
0.18761203154967998
0.18908568454239652
0.18860188725243368
0.194132310506683
0.19066339900114432
0.19856026980441385
0.19487435134285955
0.21159560046448855
0.2035529928534489
0.22121710730813376
0.21230607441299137
0.24305233336047105
0.23118413578009886
0.2567816897800862
0.24288435754431098
0.2728088504647951
0.2672830268077103
0.2785423981316436
0.27132487826001206
0.26099066842731505
0.27484025205453577
0.2462626077542454
0.26022185465627196
0.2025671412041248
0.2277478252445234
0.17824420953659817
0.20285233104392836
0.001
0.001
0.001
0.001
0.0011387863140857083
0.001
0.0019248752154960847
0.0012900171282663065
0.010354415347341535
0.005052674680748774
0.02391039613379647
0.015301813102249396
0.060801586837809174
0.04336911341523955
0.10204561541444535
0.0794017595094979
0.1495874485562762
0.12820146855358636
0.1903234507834877
0.1702964903514624
0.22185177825823182
0.20882647592743175
0.24660033840329135
0.23611222186279548
0.2592997608561362
0.2554225330262852
0.27142703895503495
0.26878063556115844
0.27272879945296613
0.27415846168938024
0.2781522270667203
0.2799038875809682
0.27420040424111625
0.2779170887321782
0.2765814845730943
0.28013346392698807
0.2708795844530466
0.2752729473192334
0.2720378168284297
0.27613644203493753
0.2658134221243938
0.27036939671437554
0.2662662290870789
0.2703662577473476
0.26022813789077986
0.26440279709056347
0.26062487550431723
0.26424180169314365
0.25592756094808755
0.2591395488833909
0.2571419487245128
0.26000106704386533
0.2539903053802868
0.256483658268146
0.25585991917825224
0.25826440818559243
0.25316219603465856
0.2555489573214638
0.25489196593889796
0.2572365223986101
0.2517818836731631
0.2544064768573611
0.25288706254001586
0.25531544818772234
0.24940838835828735
0.25203253454974517
0.25018388043626266
0.25246995060732175
0.24708151949178941
0.24934617023820532
0.24807975112985167
0.2501211676174319
0.2455306247903253
0.24755351316873972
0.24666164377563504
0.24859423246897736
0.24405949544383887
0.2462059420180048
0.24481920983335864
0.24684285317545282
0.2416857504841639
0.2440566411469422
0.24192546046832886
0.24402575901889553
0.23867722120391957
0.2409287506785193
0.23886520465516947
0.24083597518346456
0.23604627330231703
0.2380466347632134
0.2363931504771993
0.23822260679151175
0.2337098881121927
0.23572425621379517
0.2338651509271603
0.23571916567353468
0.23085822838120046
0.23301730272510815
0.23063736475450308
0.23254482386288572
0.22743271839960852
0.22959458831927976
0.22703765517306287
0.22894175102433814
0.22376324498133915
0.22597183622989603
0.2231742446940946
0.2251857637857141
0.2194597035813508
0.22195382070181024
0.21839506472786965
0.2206842973595825
0.21398402104006714
0.2168027063758135
0.21242533936124294
0.21500721305528397
0.20756058620804593
0.21055024180983883
0.2057477033781795
0.2085322367776393
0.20079471643963584
0.20379188904915935
0.1989581426976397
0.20179827941359055
0.19440013505931356
0.19708521291317938
0.19294021520533297
0.19549337810534043
0.1897385316127494
0.1915143288362135
0.18939690139755477
0.1910762033184882
0.188996825190846
0.18904975813000002
0.19078835329913904
0.19076165991554067
0.19517479648700728
0.1923832770456137
0.20042945535305923
0.19741022350548765
0.21229940612805961
0.20525231559301343
0.22217639966447936
0.21436368893868962
0.2421557868592068
0.2312614505499558
0.25423394849608644
0.24158858465952623
0.2700167136017231
0.26364083593161103
0.2740724034941877
0.265649340638931
0.259707034099555
0.27137806002701925
0.2459877360279552
0.2573233788006209
0.2032970979095353
0.22824812876045308
0.1796404531692263
0.20412071311151733
0.001
0.001
0.001
0.001
0.0013184695301017954
0.001
0.0028409968111447843
0.00186011450761284
0.016695253490047485
0.010149981932191684
0.04033013394528518
0.027250049960469282
0.08168524696547878
0.06744947768057696
0.13660907151483087
0.11420151666616926
0.17162951479823604
0.1580742957701075
0.21935641579606516
0.20584513763831064
0.23812319644066082
0.23141094955585698
0.26691801407871146
0.26246029980938024
0.2717550368310094
0.272015562703564
0.28716764997437133
0.2888280244815895
0.2833796028612342
0.2879324163142661
0.2915265228843621
0.29659752517057586
0.28362818675536733
0.2898877207454772
0.2884030599684236
0.29468159738582395
0.27947893467644663
0.2861724380305742
0.28265091871388254
0.2891858771668176
0.2733804026422285
0.2799946677118568
0.275383002108425
0.28155517946342
0.26688534921173984
0.27267184156895696
0.2689397804567741
0.2742212605657707
0.2624628238304764
0.26705954711386753
0.2657332195095121
0.27015892612778986
0.2606642401805484
0.26474372099523213
0.2644371757547525
0.2685327592039528
0.25952034522225204
0.26357241542602305
0.2627472377892983
0.2667986887286581
0.25738548817224205
0.2615527682583735
0.2595879558674386
0.26353609785338844
0.25430948348608695
0.2581060468936367
0.25628370163746617
0.25977105006815376
0.2518910806973513
0.25518511763243595
0.25427165113046535
0.2574386297774365
0.2503336297740419
0.2535032161314176
0.2526614553884107
0.2558046949627859
0.24846755692905773
0.25180138014034037
0.2500690099442324
0.2532721191701386
0.24546931743165387
0.24881146308278657
0.2464509501886384
0.24949881636330906
0.24217693626391634
0.24517145919705274
0.24326453278952434
0.24603268902049852
0.2395336580465943
0.24231850806465496
0.24072001446387417
0.24338951675641685
0.2369466226176628
0.23980846138319645
0.23768656366575253
0.24038092985835774
0.23363453910627854
0.23650019857401758
0.23391095457994665
0.2365118936924564
0.22994983561228546
0.23266695068101315
0.2301060584442732
0.23259847815389925
0.22616068404407771
0.22893112637019294
0.2260335707954086
0.22863090303394987
0.22160020516898507
0.22463536665950115
0.2208601703300081
0.22367638094024445
0.2158691588064578
0.21909748381196748
0.21464626381623675
0.21763506945445585
0.20939127596729906
0.21271213778174142
0.20797257977350822
0.21110235598581178
0.2026686071917102
0.205994813631759
0.2012533425070107
0.2044198829794959
0.196357833213408
0.19935263305329723
0.1954118428817149
0.19826596673015207
0.19192558537393814
0.19400989280953368
0.19229178140832892
0.19427746538894344
0.19155751378400093
0.19201154695633915
0.19426297710150506
0.19461947646335065
0.19800725050589804
0.1958659368482319
0.20413419883469802
0.20175316314735664
0.2143699333961242
0.20858242189989007
0.22392625957808995
0.21757086356489394
0.24025929117850808
0.23132714440448668
0.24930057643771186
0.2390986664724305
0.263129845912503
0.2566186126342648
0.2652599358077985
0.256129124954506
0.2562019887770347
0.26436750301265116
0.24510106955666935
0.25200178430732223
0.20497066367210665
0.22906346944392625
0.1824325010083089
0.2062328080032708
0.001
0.001
0.001
0.001
0.0019887033004181436
0.001
0.006826336653797773
0.004174476354376282
0.029426150581468302
0.020989410302548094
0.07412540110001282
0.05342236236133253
0.11800033215850102
0.10768490806346384
0.1905818688023938
0.17176131780849366
0.2092732167590923
0.2044277319587684
0.2644031270203164
0.2599996352958115
0.2669248395440318
0.2680138627929453
0.300683149608883
0.30411168560399776
0.2946401689821104
0.30058190171114996
0.31477474205477474
0.3225686960055451
0.30304318034829036
0.31225845908602334
0.31493910685820137
0.3249313770706604
0.30102469298942486
0.31105715135999373
0.30934870898068456
0.31977587510694067
0.2951449238190229
0.30532116724325903
0.3007923792167702
0.3109580919132028
0.2867929325777395
0.29629542006993587
0.2906291798696327
0.2996820175903188
0.2787567514183844
0.2866441024198471
0.2834186486680914
0.290952431671821
0.2744230738966129
0.28100670884567946
0.28081287981311753
0.28754974999552274
0.272660373615888
0.27895895932770287
0.2789621578407987
0.28544647250880134
0.27068514207321814
0.27699486800867845
0.27558605002429776
0.28194559649803314
0.2669934521389711
0.27311319054685457
0.270372735712421
0.2762258386486508
0.26283279123741093
0.2680272826411959
0.2665152442515181
0.27150854448832423
0.26039631872247543
0.2650289985383613
0.26466103293114085
0.2693254848243733
0.2586979139318694
0.26337099936597563
0.26241003687530057
0.2671466551671765
0.2559323670718252
0.2607654888542314
0.258312959425281
0.26297481903051284
0.2518341675259802
0.25628851055562646
0.2537069988839959
0.2578558597235499
0.24822166919992428
0.2520979594427119
0.2505105340511061
0.25427126153484814
0.245526781268128
0.24931323678464665
0.2476515565347929
0.2513958983319708
0.24235042969448273
0.2462497609420087
0.2436101237737581
0.2473104673788951
0.238250096310588
0.24191167072822203
0.239082780128019
0.24247637868101118
0.2342202703617026
0.23759072435361736
0.23504164082347995
0.23825156566568242
0.2301918851368037
0.2336626909005055
0.23051927161890232
0.23384041924523333
0.22512323991587743
0.22879606505889946
0.22468060830794634
0.22810689287229627
0.2189952960191011
0.22268207309452073
0.21817608939151384
0.2216305108379827
0.21245815239214083
0.21616750602853482
0.2115177636031209
0.21505918743341018
0.2057781801704791
0.20947686786160374
0.20486419034143735
0.20839415395678126
0.1996037789123351
0.20290886941687858
0.1993223107042973
0.20247710632182764
0.19558628696610608
0.1979595081675858
0.1968768843712837
0.1991531797224209
0.19582932235338907
0.19666940644476538
0.199636926148487
0.2003582927941325
0.2026440349686938
0.20118645983033015
0.20958038559353795
0.20788931710167974
0.21763682364778705
0.21338745318346344
0.2261159579238019
0.22157507474841812
0.23740710382452815
0.23118907883708045
0.24226298224305826
0.23532701400430123
0.2526041855968892
0.24671642398132304
0.2524308852809745
0.24337390489165148
0.2501065481980616
0.2537260851001492
0.2429440703955114
0.24383737230618277
0.2074045258805534
0.2298048032132433
0.18661769102745301
0.2089269001587231
0.001
0.001
0.001022922655412692
0.001
0.004416393254015866
0.002455445937201238
0.021440184766562658
0.013657083213140887
0.05661671736161049
0.04596354936958692
0.1482159380853979
0.11924897800261004
0.1781574551457061
0.1770370405966519
0.2757522020153822
0.2705992464891646
0.2687543185498744
0.2791049089910131
0.3334710209409916
0.34510944227044166
0.31463342285210794
0.32888994486953027
0.3570213834955839
0.37376104617206846
0.3345904936740401
0.35078125567610646
0.3628068172090336
0.382142543523093
0.337133604020373
0.354530331731892
0.3559875956918746
0.3747154786605811
0.3314357250575703
0.3483411657205686
0.3455913224418169
0.3639375003770378
0.32146821518366314
0.3375934177107531
0.3300643323446625
0.34631713345180115
0.3085129385444937
0.32248875727341103
0.3151377483116052
0.32858588792081467
0.2984790221054248
0.3095331668890371
0.3085489483742479
0.3197957264473153
0.29473176747578755
0.3049293315714609
0.30594100490258935
0.3167505173881853
0.29229498556137323
0.30218831640051447
0.30205628010922786
0.31241179868370944
0.28825912060906006
0.29800931013658366
0.29477993596874597
0.30457048027105754
0.2816613777334223
0.29036758432779486
0.2866822404584866
0.29504504993742875
0.2763258034258011
0.28343372769880437
0.2828989535489352
0.29009243509773325
0.27398912002007525
0.2806589311714147
0.2809017185417323
0.28783684773365276
0.2716631116450081
0.27853622385909915
0.2768332013767269
0.28387047963187895
0.26701413945526464
0.27381142537740544
0.2700578676086541
0.2765752576270761
0.26135467882155416
0.26710864517812005
0.2646423753578132
0.2701531964187157
0.25759518961722205
0.2626827805134674
0.26157235007875956
0.2667298750734133
0.25461844212261786
0.25982195879263326
0.25767003585140924
0.26289564636145707
0.25020659555000646
0.25540081699239225
0.25189793321052634
0.2568196293708549
0.24502226640188998
0.24959217842651824
0.24664334954078884
0.25098615845276945
0.24065363645894147
0.24487519331295865
0.24229954536317197
0.2464621885913279
0.23612561140490568
0.24052344876411208
0.23683394071495187
0.2410815241458982
0.23018668943144713
0.2346063163727873
0.23005843414741894
0.23419444611848458
0.2235882573723927
0.22780527344756918
0.22332931185054222
0.22734758341017808
0.21700586870589236
0.22121573443108059
0.21664736499747703
0.22071662224082983
0.2103105875150702
0.21445648120036995
0.2100107475047941
0.2139671786910725
0.20434548617707218
0.20797737788033693
0.2049680179478274
0.2084483326304727
0.20097054019477456
0.20365696225419908
0.20346319840696395
0.2060626719758625
0.2020066826186415
0.2032838274736931
0.2070697115998547
0.2082096765769676
0.20908526343389333
0.20842865213582432
0.2165627224173569
0.21572365133074203
0.2217889790759991
0.21939032690915064
0.22820284754673695
0.22583021275756557
0.23358784192768908
0.23053311420135553
0.23344742812131344
0.23014349318196958
0.2391730107657574
0.2346256725809801
0.23622007270536768
0.22823525434835845
0.2409592033330265
0.23953413653192063
0.23858284679146244
0.2324376400391041
0.21027745323759525
0.22984567504953904
0.19217681462062924
0.2117844212539098
0.001
0.0010304766144657027
0.004462822541095129
0.0032312855792780717
0.013711787530974198
0.010909225137619341
0.07741422518634883
0.05891856607695188
0.12574804127908137
0.12249618642626561
0.3282332160817311
0.3407039914357569
0.2879566207948223
0.30966320024355726
0.44607238779971936
0.495265113824554
0.37192865937258185
0.4125706807834763
0.4736880943483762
0.5274457605315428
0.40401934651814403
0.4476015957130457
0.47608740130485505
0.5269344653929243
0.4135606519711503
0.456828347177427
0.45618076253057893
0.5026330914642942
0.4028813566791998
0.44062952234643726
0.43903143785575854
0.4817492485164762
0.3894724414060341
0.42381834345610125
0.40944886692368754
0.4458097373442936
0.36698805284123265
0.3955498669602067
0.3783467902672077
0.40624238594192624
0.3445291616696491
0.366947321850352
0.3587466195043539
0.3799842835775919
0.33348034342740346
0.3514856099560735
0.35550407805571543
0.37603132344554985
0.32976823344978756
0.34740431865256594
0.3486455867235722
0.36762960389302834
0.3244892685710987
0.34105098805632567
0.33851130497902576
0.3562406406271518
0.3151455762327408
0.3304624937749336
0.32276066953072724
0.3378012639578438
0.3036884044345218
0.31599968195096695
0.3126678728873773
0.32474463114061924
0.2978799610251225
0.30837659559395036
0.3095106919915324
0.3206600138265294
0.2953358944361828
0.3055497215402936
0.305824946461275
0.3166406793759377
0.29097331425021195
0.3013607471484176
0.2970495252355933
0.3076117800108965
0.2826215731709518
0.2919814339763323
0.2865405768252383
0.2954061289544386
0.2753571904906821
0.2828198236289261
0.2813889315242075
0.28888148824853566
0.2717528752467058
0.27879266210336756
0.2779471019420598
0.28532499119958943
0.26767495230989874
0.2749976396694581
0.27127512135153514
0.27860761090165365
0.26095509532777306
0.26772635965961544
0.263172927799136
0.2695646833489107
0.25463324723248065
0.2603270084077205
0.2575925123020511
0.26320025600639657
0.24994167284462526
0.25541097557211806
0.25249357505288494
0.25803106236943163
0.2443150617156276
0.2499630240738718
0.24521610036133226
0.25065059925299144
0.2370754962789049
0.2423541462744422
0.23743679864459233
0.242412806754354
0.23007382211364932
0.23496279304549733
0.2306394400189701
0.23540808971150215
0.22340539529302342
0.22831229189766372
0.22371439326106646
0.22849556773451285
0.2165496476266632
0.22124137513619385
0.2170560578417371
0.22152738364996974
0.21094129351823063
0.21494778686715493
0.21284674198084114
0.2167264738223397
0.20846980567207665
0.21156802459502805
0.21247434317537578
0.215507389009486
0.21034356195974926
0.21219178263026223
0.21669896096358918
0.21840544454280844
0.21727381375904525
0.21764125746407967
0.22468562577396883
0.22499292619620384
0.22634202824806413
0.2261336854015286
0.2294610794821438
0.22956645738209247
0.2287051584079668
0.22892064803028098
0.22316081736195448
0.22339024251712167
0.22381288861424736
0.22115870432144286
0.21763762992291497
0.21174053548605132
0.2283830811782413
0.22220219584002196
0.2309087161238965
0.2176286244038161
0.21309644086654422
0.22829456579944526
0.19905578855100295
0.21418973485157072
0.003134750705304308
0.004525528447399744
0.053443140859967
0.049651685852417096
0.057962862518988585
0.055213071265526346
0.6212897112380239
0.7505788792890286
0.44972743776555024
0.6107226052024775
0.9479306044292587
1.0
0.7252262305462018
0.9268102498606557
1.0
1.0
0.7974367619974837
0.9999490759748454
1.0
1.0
0.7659576044071852
0.9621690808231091
0.9105159583482211
1.0
0.6705864148914956
0.8462984195860074
0.7942172264192976
1.0
0.6025350073888888
0.7336537661214325
0.6600948890052736
0.8231151755531485
0.5274616740908712
0.6129675623711056
0.5458073903691505
0.6353220129513876
0.4582768538851141
0.516169045055343
0.47917038124614053
0.5324480785284063
0.4165578877552008
0.4611655953799371
0.4689357192227663
0.5193990745549832
0.40986750770491015
0.4525507326997362
0.44913300736301115
0.49567534785759426
0.39708432131909965
0.433796436718921
0.42831695615409404
0.469129793160469
0.38160360598440085
0.4136916244009546
0.3950755070740886
0.42745304547702984
0.3571936553555042
0.38237538132260135
0.3672669434761729
0.3906446695243096
0.33992746441286426
0.35887459471817734
0.3604803075819553
0.3814217277546828
0.33469629543268553
0.3525215207639719
0.3546451254899329
0.374120325237661
0.32984274001920044
0.3468985466896795
0.34393284997945095
0.362316252196728
0.3193635728399118
0.33547436970860606
0.32446389607571924
0.3401390681937583
0.3046581204231815
0.3173046085588446
0.31191866025698944
0.32405009388675393
0.2970347660112906
0.3075547508290874
0.3081109520109289
0.3193186206234586
0.29325900409432093
0.3038353787664675
0.30146014545714134
0.31267299282980693
0.28581256208130995
0.29629757910157967
0.2890021396605718
0.29918857307893554
0.2754905681741195
0.2841298427769161
0.2792287606765591
0.28749533880484657
0.2685290777151408
0.2759115377229125
0.2736808733178268
0.28129108678214765
0.26313236003278445
0.2705892140036705
0.2662230347623063
0.27383264016061304
0.2551899683553865
0.2624570049256339
0.25611563583546504
0.263004297811351
0.24638407863702008
0.25267543578862056
0.24779151287063655
0.2538480417966465
0.2392034480612957
0.24508224325513367
0.2408841474452676
0.24676978840694958
0.23216569423868114
0.23807284066253098
0.23317083631466667
0.2389178448763513
0.22494382511123695
0.23029654210645337
0.22667166387594107
0.23178513167317982
0.22000306123398589
0.22451670768872012
0.22374451125955583
0.2282040225735076
0.2186392268743588
0.2223707230768403
0.22439981801452275
0.22809428394618994
0.2211183185998755
0.22377472435759593
0.2285538637121447
0.23109759625803175
0.22702662070652108
0.22877123492111417
0.2332459284790207
0.2351296959635188
0.23060619854430278
0.23290068908409392
0.22903326571772334
0.2317902913570755
0.22259358190959097
0.225839522160916
0.21169456108704154
0.21496144646183873
0.20764005729128832
0.20716066670897387
0.19802710397401427
0.19496967615822422
0.21229676311528958
0.20257285359854016
0.21883506663166707
0.19965078713220802
0.21514536461004688
0.22398814648534
0.2071308615431286
0.21528416303064957
0.4803525360848231
0.7306424316555437
1.0
1.0
1.0
1.0
1.0
1.0
1.0
1.0
1.0
1.0
1.0
1.0
1.0
1.0
1.0
1.0
1.0
1.0
1.0
1.0
1.0
1.0
1.0
1.0
1.0
1.0
1.0
1.0
1.0
1.0
1.0
1.0
1.0
1.0
0.9313052659107047
1.0
1.0
1.0
0.786990003084495
0.9771314860288464
0.8829767306668379
1.0
0.6616448749543911
0.8200688270028346
0.7377288260213877
0.9345807837170167
0.5807876130544221
0.6866501003642457
0.59730100015267
0.718272887143011
0.4964071010143275
0.5611728834998948
0.49845626031698587
0.5532095028699585
0.4346143311414132
0.4814757891026073
0.47552806492147875
0.5251173688429656
0.4187741764913342
0.4612572282682639
0.45875776242969135
0.5060764659377018
0.4066752142197043
0.4440069244401669
0.437686443245437
0.4795093076960914
0.3903153883864174
0.4229641721574399
0.3988535456823884
0.43141328438464815
0.36105445164565436
0.38617392215464486
0.3657547149700292
0.38835224771619187
0.3397236933983534
0.35799887388369755
0.35891387522219154
0.37920049693590824
0.33389642589520024
0.35138064491511606
0.3517704524570186
0.37111129155978057
0.3263868494739344
0.343505071905803
0.33334523540297445
0.3510034000820215
0.31035274386470174
0.32508928375295765
0.31318347116311285
0.3267690760125481
0.29640101118143314
0.30771346757089996
0.30455431576278874
0.3160689935071373
0.28960652833196426
0.300162021891119
0.29725862423517946
0.30852357167989813
0.28158091159126736
0.2922364394920426
0.28381691757989014
0.2943813753839914
0.2694262846070664
0.27861797484390766
0.27099629900114636
0.2796371524710156
0.2594708013840111
0.2671827753120701
0.263007027570822
0.2707627153271269
0.2521900569064969
0.2597261496352588
0.2549552185532833
0.26261363558849404
0.24394241347444295
0.2512272466205123
0.2457600680378329
0.2527543703654035
0.2363187451387182
0.24250123778764535
0.2401740089425595
0.24618599109277295
0.2325548167253229
0.23791601492227038
0.23874057036695204
0.244181416554419
0.23218085961237242
0.23693425892645348
0.23968469137943688
0.2444132131623406
0.23458168192445167
0.23840608608292757
0.2424214518794373
0.24623305937366077
0.23791855847549334
0.24153219243072563
0.24108174428999635
0.24505347485412327
0.23367390935032542
0.23864186362356102
0.2260799007566512
0.23140133213053038
0.21511155773381418
0.22084137108198226
0.1994035416331389
0.20495721877115106
0.19174416187351465
0.1934057284250569
0.17884779929433797
0.1788801278689288
0.1931398355145835
0.18189133858243023
0.20162441040380155
0.17929558014476146
0.21544157397117694
0.21556767862456275
0.2161551603110523
0.21392455466515017
1.0
1.0
1.0
1.0
1.0
1.0
1.0
1.0
1.0
1.0
1.0
1.0
1.0
1.0
1.0
1.0
1.0
1.0
1.0
1.0
1.0
1.0
1.0
1.0
1.0
1.0
1.0
1.0
1.0
1.0
1.0
1.0
1.0
1.0
1.0
1.0
1.0
1.0
1.0
1.0
1.0
1.0
1.0
1.0
1.0
1.0
1.0
1.0
1.0
1.0
1.0
1.0
1.0
1.0
1.0
1.0
0.8425074174561239
1.0
0.9159785244470031
1.0
0.6984097110399864
0.8583521336588253
0.7564674298047342
0.9504353646499694
0.6040339498196399
0.7082695747382891
0.5955516490337422
0.7076535886517773
0.5041399127341663
0.5639780433131625
0.4855158297715154
0.5301885046191424
0.4325615004432513
0.47411629610651845
0.4695600740658449
0.516136193544084
0.417309850105375
0.457030824589419
0.45424570199124104
0.4992354101621269
0.40452800915438436
0.44009272756215156
0.4199516262972739
0.4573173767609841
0.37755633975715563
0.40655722981761666
0.37412549838184855
0.4000887027807808
0.34501517842525153
0.36502548530693013
0.3560664820977337
0.3765890432878526
0.3315174825047657
0.3488246148310993
0.34776685259861
0.36687627284470437
0.3230991909650385
0.3400515989033153
0.32992677094312883
0.3478120205674493
0.306576862104386
0.3217840445226601
0.30654123703199254
0.32053416542322366
0.2890702367159758
0.30069217269892407
0.2942075927755525
0.30564908655188844
0.2793399793404957
0.2897530230046491
0.28587852563084126
0.2968960934455321
0.27071575668224473
0.2810987169670055
0.2736338406325609
0.2839445687861147
0.2597234838396545
0.2687419379889815
0.2633965959591566
0.2719858912289288
0.2524095306300922
0.2598749315330688
0.2599256471851414
0.26753562681714915
0.2501747107553073
0.25712950398512924
0.25895695928037477
0.26612087567543175
0.2498592375125445
0.2561895296907529
0.2586227474960861
0.2648955767139775
0.25089463236009046
0.25640861500194884
0.25757868921010496
0.26330059355861674
0.24908246382468827
0.25514670799699385
0.24648002409351227
0.25295514629432814
0.23450332241983257
0.2420001141349387
0.22009162983154892
0.22753339417680918
0.2063096967001656
0.21377040708622372
0.1868202247707375
0.19384355408595905
0.1769848570829676
0.18049459987065578
0.16131713825842853
0.1641158729051864
0.172027586203194
0.16163607323217094
0.17933926217180943
0.15791048056781753
0.2126805395807949
0.2016961629987232
0.22565558336755207
0.20866822996693024
1.0
1.0
1.0
1.0
1.0
1.0
1.0
1.0
1.0
1.0
1.0
1.0
1.0
1.0
1.0
1.0
1.0
1.0
1.0
1.0
1.0
1.0
1.0
1.0
1.0
1.0
1.0
1.0
1.0
1.0
1.0
1.0
1.0
1.0
1.0
1.0
1.0
1.0
1.0
1.0
1.0
1.0
1.0
1.0
1.0
1.0
1.0
1.0
1.0
1.0
1.0
1.0
1.0
1.0
1.0
1.0
1.0
1.0
1.0
1.0
1.0
1.0
1.0
1.0
1.0
1.0
1.0
1.0
0.9792883771233425
1.0
1.0
1.0
0.8049316796236738
0.9762783943713907
0.8574037804610787
1.0
0.6731913205286859
0.804168202309477
0.6698019183443028
0.8187746198447952
0.5585227893469717
0.6311126872488907
0.5137326729474584
0.5722909770232625
0.4555241296012549
0.49852911486456297
0.4648447501448775
0.5045287771781156
0.4181622075109914
0.4559576006213961
0.4502428555753833
0.49349613361308386
0.40296747499636726
0.4381887997240719
0.41937726026448136
0.45720637147175064
0.3771252506618346
0.40667150039553246
0.3698213473101959
0.39657490734477213
0.34033967734795023
0.3606589422257885
0.34507847002226155
0.36503622689531234
0.3215423629786409
0.3382679625174063
0.3352176840673899
0.35346402367885515
0.3118360629806051
0.3281359527809898
0.31873028461304126
0.33596363107349736
0.2965800684212406
0.3112309998504054
0.298918776619632
0.31245483456487333
0.2820902574602326
0.29343932802859785
0.29124074932480176
0.3026325934008688
0.27687736371278915
0.2870596209865727
0.2890350165522901
0.29997751228357095
0.2748634865022494
0.2846625878944372
0.28508475818504636
0.2949354102332859
0.272447867896285
0.28099241939670183
0.2813486062862983
0.28986046481130767
0.2699885098330566
0.27797254051937187
0.27219532523728923
0.28066978364945877
0.25893732407867087
0.2678725206070158
0.24747979791299216
0.25642000492815664
0.2322231077145224
0.24164458072353143
0.21134583088877051
0.22015842604376434
0.19661270216127397
0.2050234596018139
0.17466936122707893
0.18247590031904273
0.16383368184792757
0.16879358100891165
0.14604216117178656
0.15089133083638986
0.15073827786255026
0.1432388680709511
0.153331970976121
0.13721907687945276
0.20524435894833845
0.18155002314360663
0.23473525103891874
0.1978525932702685
1.0
1.0
1.0
1.0
1.0
1.0
1.0
1.0
1.0
1.0
1.0
1.0
1.0
1.0
1.0
1.0
1.0
1.0
1.0
1.0
1.0
1.0
1.0
1.0
1.0
1.0
1.0
1.0
1.0
1.0
1.0
1.0
1.0
1.0
1.0
1.0
1.0
1.0
1.0
1.0
1.0
1.0
1.0
1.0
1.0
1.0
1.0
1.0
1.0
1.0
1.0
1.0
1.0
1.0
1.0
1.0
1.0
1.0
1.0
1.0
1.0
1.0
1.0
1.0
1.0
1.0
1.0
1.0
1.0
1.0
1.0
1.0
1.0
1.0
1.0
1.0
1.0
1.0
1.0
1.0
1.0
1.0
1.0
1.0
0.853039326367753
1.0
0.8924420230520353
1.0
0.6984590524649308
0.8396783775710257
0.692365561476301
0.8548866106590134
0.5740797955073604
0.6514515977535065
0.5151340163974638
0.5793660178499936
0.45794400270339464
0.4990877080876263
0.4494454072311103
0.4835900200499087
0.40811164585065013
0.44300044172432634
0.43446200757971665
0.47464932383803843
0.3905648742158895
0.42416040092401225
0.40644228769709984
0.4429613965355826
0.3661631938027048
0.3946669243400386
0.36102210071669316
0.3869597017967865
0.33298679812105897
0.35254839349912653
0.3428987082664245
0.362466793556961
0.3198244499185511
0.336316811253935
0.3393940168143426
0.3579968114974726
0.31615008709202275
0.332337201525794
0.3289879767897274
0.34572413819790115
0.3084025679199187
0.32232589131719536
0.3178235671483767
0.33113793485384707
0.301119908525849
0.3127100926880359
0.30741488612771223
0.31939695952463054
0.29097664911420734
0.3025121193532231
0.28257790364572616
0.2943683361896987
0.26511337278421465
0.27663972690383926
0.24308370424087172
0.2537221760080294
0.22674766443626662
0.23714225367741168
0.20124153123759367
0.210677331002546
0.18689405873803658
0.19570030178118672
0.16368110066910993
0.17188306384372784
0.15239008220787137
0.1584671380165973
0.13294035772183369
0.13910535073669722
0.13145692304077894
0.12785090832860097
0.1265668051760303
0.11905276451408099
0.19127309854271737
0.15556601038752457
0.241670233348256
0.17983934144505653
1.0
1.0
1.0
1.0
1.0
1.0
1.0
1.0
1.0
1.0
1.0
1.0
1.0
1.0
1.0
1.0
1.0
1.0
1.0
1.0
1.0
1.0
1.0
1.0
1.0
1.0
1.0
1.0
1.0
1.0
1.0
1.0
1.0
1.0
1.0
1.0
1.0
1.0
1.0
1.0
1.0
1.0
1.0
1.0
1.0
1.0
1.0
1.0
1.0
1.0
1.0
1.0
1.0
1.0
1.0
1.0
1.0
1.0
1.0
1.0
1.0
1.0
1.0
1.0
1.0
1.0
1.0
1.0
1.0
1.0
1.0
1.0
1.0
1.0
1.0
1.0
1.0
1.0
1.0
1.0
1.0
1.0
1.0
1.0
1.0
1.0
1.0
1.0
1.0
1.0
1.0
1.0
1.0
1.0
1.0
1.0
0.8591027400356603
1.0
0.8889862655295173
1.0
0.6951990909166325
0.8374407126023331
0.6809419463866142
0.8444422958596765
0.5658962252932602
0.6405349208482181
0.5012884987330248
0.5595574119809219
0.45051498387817945
0.48793594779632377
0.447660440738364
0.4801750986799367
0.40858834531598603
0.4421258433505582
0.44122565505672606
0.4804770915668276
0.39861718707497534
0.4314314867178823
0.41294631225668366
0.4477140764671179
0.37661407233235167
0.4023556995428789
0.3787334125889809
0.4025944074144005
0.3530214448891279
0.3714244590380757
0.3612238793643224
0.3799468690175321
0.3382606484089372
0.354777583860324
0.3329850981360458
0.3502733244507017
0.3103848010265543
0.32602985034910353
0.28446393893965755
0.29871556763144663
0.26559623864809506
0.27838734265928183
0.23531157242199782
0.24669753361124938
0.21957861866668854
0.23025584901789578
0.19217228891499363
0.20196667209155583
0.17839246914254875
0.1875496829367003
0.15437387017939203
0.16299323109899563
0.14268340699974794
0.14972687925479872
0.1217620821093323
0.1289091808499615
0.11633299432352344
0.11628204425028076
0.10344443998670862
0.10523412119436268
0.16902202476251382
0.12612007200008604
0.24316619773679551
0.15368988680506263
1.0
1.0
1.0
1.0
1.0
1.0
1.0
1.0
1.0
1.0
1.0
1.0
1.0
1.0
1.0
1.0
1.0
1.0
1.0
1.0
1.0
1.0
1.0
1.0
1.0
1.0
1.0
1.0
1.0
1.0
1.0
1.0
1.0
1.0
1.0
1.0
1.0
1.0
1.0
1.0
1.0
1.0
1.0
1.0
1.0
1.0
1.0
1.0
1.0
1.0
1.0
1.0
1.0
1.0
1.0
1.0
1.0
1.0
1.0
1.0
1.0
1.0
1.0
1.0
1.0
1.0
1.0
1.0
1.0
1.0
1.0
1.0
1.0
1.0
1.0
1.0
1.0
1.0
1.0
1.0
1.0
1.0
1.0
1.0
1.0
1.0
1.0
1.0
1.0
1.0
1.0
1.0
1.0
1.0
1.0
1.0
1.0
1.0
1.0
1.0
1.0
1.0
1.0
1.0
1.0
1.0
1.0
1.0
0.8377959866594363
0.9947006139944775
0.855907675522188
1.0
0.687101674379503
0.8065331062842855
0.6386326659626419
0.763997919175246
0.5557320983630771
0.6077756973914427
0.49576141775721244
0.5258666423045064
0.46162358281664345
0.4922732635721425
0.45763156123258164
0.4892354729672171
0.42394632383980313
0.45346901306543713
0.41911398583519227
0.4508078997324828
0.3850437319984386
0.4110352192675901
0.34583282441757257
0.36932609759089413
0.32135180017613113
0.33889531943927453
0.2809122072848899
0.29682631564633477
0.262564972905213
0.27579701182279454
0.23049557652285868
0.24294663969022187
0.21446776854807756
0.22601433138902657
0.18731900677831959
0.19829504907562134
0.17271392411232106
0.1829229530323132
0.14784601233150457
0.157499475127999
0.13537289176722409
0.1434994854080798
0.11390861017242163
0.12235611292332048
0.10705854266177368
0.10940028669215439
0.0886843376924398
0.09760888267772935
0.13801317739297866
0.09734613164899787
0.2328833094141747
0.1213912846847076
1.0
1.0
1.0
1.0
1.0
1.0
1.0
1.0
1.0
1.0
1.0
1.0
1.0
1.0
1.0
1.0
1.0
1.0
1.0
1.0
1.0
1.0
1.0
1.0
1.0
1.0
1.0
1.0
1.0
1.0
1.0
1.0
1.0
1.0
1.0
1.0
1.0
1.0
1.0
1.0
1.0
1.0
1.0
1.0
1.0
1.0
1.0
1.0
1.0
1.0
1.0
1.0
1.0
1.0
1.0
1.0
1.0
1.0
1.0
1.0
1.0
1.0
1.0
1.0
1.0
1.0
1.0
1.0
1.0
1.0
1.0
1.0
1.0
1.0
1.0
1.0
1.0
1.0
1.0
1.0
1.0
1.0
1.0
1.0
1.0
1.0
1.0
1.0
1.0
1.0
1.0
1.0
1.0
1.0
1.0
1.0
1.0
1.0
1.0
1.0
1.0
1.0
1.0
1.0
1.0
1.0
1.0
1.0
1.0
1.0
1.0
1.0
1.0
1.0
1.0
1.0
0.9458913688156176
1.0
0.9252071821908003
1.0
0.7379015412936163
0.8801526561295894
0.6978313938871477
0.8714962463224434
0.5768651375057733
0.6526188400661004
0.4743773442150259
0.5423126354777825
0.4261776112697433
0.4557709873889275
0.3558050204716997
0.3776154161906138
0.33144711212098193
0.3518691216574241
0.29328450621868435
0.3142851032574799
0.2698480691183919
0.28916939155813776
0.24268349347829699
0.2609670020037208
0.22027760777881952
0.2380685293657188
0.19411157929160233
0.20980254979235477
0.17460811642857912
0.18984432797006487
0.15059700696542044
0.16371579968974315
0.13471023790105946
0.14703041384830304
0.1154745178585197
0.1268915683574115
0.10576048853390763
0.11244391452619158
0.08371382954528311
0.09626189850974591
0.10307787519057562
0.0774115995247489
0.1969474541116133
0.09605863737001664
1.0
1.0
1.0
1.0
1.0
1.0
1.0
1.0
1.0
1.0
1.0
1.0
1.0
1.0
1.0
1.0
1.0
1.0
1.0
1.0
1.0
1.0
1.0
1.0
1.0
1.0
1.0
1.0
1.0
1.0
1.0
1.0
1.0
1.0
1.0
1.0
1.0
1.0
1.0
1.0
1.0
1.0
1.0
1.0
1.0
1.0
1.0
1.0
1.0
1.0
1.0
1.0
1.0
1.0
1.0
1.0
1.0
1.0
1.0
1.0
1.0
1.0
1.0
1.0
1.0
1.0
1.0
1.0
1.0
1.0
1.0
1.0
1.0
1.0
1.0
1.0
1.0
1.0
1.0
1.0
1.0
1.0
1.0
1.0
1.0
1.0
1.0
1.0
1.0
1.0
1.0
1.0
1.0
1.0
1.0
1.0
1.0
1.0
1.0
1.0
1.0
1.0
1.0
1.0
1.0
1.0
1.0
1.0
1.0
1.0
1.0
1.0
1.0
1.0
1.0
1.0
1.0
1.0
1.0
1.0
1.0
1.0
1.0
1.0
1.0
1.0
1.0
1.0
0.8464995541799443
1.0
0.8920640468280707
1.0
0.657870860903601
0.8542512724503574
0.7233512998201961
0.9469313374866284
0.5134613453848054
0.6948589933164788
0.5698546396178079
0.7893944138305619
0.3922044254991992
0.5446939788952433
0.43530017346140637
0.6244841526755845
0.2900751272470702
0.41346573576894396
0.3217877554991618
0.47850328880945425
0.20660425365475518
0.30311589775467584
0.22552474449465773
0.34953862776340494
0.14107302899988058
0.21076412140364403
0.1445250308749985
0.22450222642655418
0.08415890605364343
0.12813198995473998
0.10851254187285679
0.10689885214830509
