1.0
1.0
1.0
1.0
1.0
1.0
1.0
1.0
1.0
1.0
1.0
1.0
1.0
1.0
1.0
1.0
1.0
1.0
1.0
1.0
1.0
1.0
1.0
1.0
1.0
1.0
1.0
1.0
1.0
1.0
1.0
1.0
1.0
1.0
1.0
1.0
1.0
1.0
1.0
1.0
1.0
1.0
1.0
1.0
1.0
1.0
1.0
1.0
1.0
1.0
1.0
1.0
1.0
1.0
1.0
1.0
1.0
1.0
1.0
1.0
1.0
1.0
1.0
1.0
1.0
1.0
1.0
1.0
1.0
1.0
1.0
1.0
1.0
1.0
1.0
1.0
1.0
1.0
1.0
1.0
1.0
1.0
1.0
1.0
1.0
1.0
1.0
1.0
1.0
1.0
1.0
1.0
1.0
1.0
1.0
1.0
1.0
1.0
1.0
1.0
1.0
1.0
1.0
1.0
1.0
1.0
1.0
1.0
1.0
1.0
1.0
1.0
1.0
1.0
1.0
1.0
1.0
1.0
1.0
1.0
1.0
1.0
0.001
1.0
1.0
0.001
0.14967362873323314
0.001
1.0
0.1511464306167715
0.2107027266947031
0.001
1.0
0.21364561165154416
0.2583272275610874
0.001
0.9380809530940273
0.2624258223826284
0.29738589932183557
0.001
0.9279533986391634
0.30716553294885307
0.33567436506087056
0.001
0.9237139358932216
0.349442978542157
0.37348206410711704
0.001
0.896595952178172
0.3916347409187812
0.4118962151205882
0.001
0.8499160034917542
0.43739111527568203
0.4501474745745323
0.001
0.001
0.7397525782543777
0.80019880818071
0.12943067155523116
1.0
1.0
1.0
1.0
1.0
1.0
1.0
1.0
1.0
1.0
1.0
1.0
1.0
1.0
1.0
1.0
1.0
1.0
1.0
1.0
1.0
1.0
1.0
1.0
1.0
1.0
1.0
1.0
1.0
1.0
1.0
1.0
1.0
1.0
1.0
1.0
1.0
1.0
1.0
1.0
1.0
1.0
1.0
1.0
1.0
1.0
1.0
1.0
1.0
1.0
1.0
1.0
1.0
1.0
1.0
1.0
1.0
1.0
1.0
1.0
1.0
1.0
1.0
1.0
1.0
1.0
1.0
1.0
1.0
1.0
1.0
1.0
1.0
1.0
1.0
1.0
1.0
1.0
1.0
1.0
1.0
1.0
1.0
1.0
1.0
1.0
1.0
1.0
1.0
1.0
1.0
1.0
1.0
1.0
1.0
1.0
1.0
1.0
1.0
1.0
1.0
1.0
1.0
1.0
1.0
1.0
1.0
1.0
1.0
1.0
1.0
1.0
1.0
1.0
1.0
1.0
1.0
1.0
1.0
1.0
1.0
1.0
1.0
1.0
0.001
1.0
0.001
1.0
0.001
0.001
0.001
0.001
0.001
0.001
0.001
0.001
0.001
0.001
0.001
0.001
0.001
0.001
0.001
0.001
0.001
0.001
0.001
0.001
0.001
0.001
0.001
0.001
0.001
0.001
0.001
0.001
0.1248466324819908
0.44371297674370896
0.7265749301716626
0.33889032502691707
1.0
1.0
1.0
1.0
1.0
1.0
1.0
1.0
1.0
1.0
1.0
1.0
1.0
1.0
1.0
1.0
1.0
1.0
1.0
1.0
1.0
1.0
1.0
1.0
1.0
1.0
1.0
1.0
1.0
1.0
1.0
1.0
1.0
1.0
1.0
1.0
1.0
1.0
1.0
1.0
1.0
1.0
1.0
1.0
1.0
1.0
1.0
1.0
1.0
1.0
1.0
1.0
1.0
1.0
1.0
1.0
1.0
1.0
1.0
1.0
1.0
1.0
1.0
1.0
1.0
1.0
1.0
1.0
1.0
1.0
1.0
1.0
1.0
1.0
1.0
1.0
1.0
1.0
1.0
1.0
1.0
1.0
1.0
1.0
1.0
1.0
1.0
1.0
1.0
1.0
1.0
1.0
1.0
1.0
1.0
1.0
1.0
1.0
0.001
1.0
1.0
0.001
0.001
0.001
1.0
0.001
0.001
0.001
1.0
0.001
1.0
0.001
0.001
0.001
0.001
1.0
0.001
0.001
0.001
0.001
1.0
1.0
1.0
1.0
1.0
1.0
1.0
1.0
0.001
1.0
0.001
1.0
0.001
0.001
0.001
0.001
0.001
0.001
0.001
0.001
0.001
0.001
0.001
0.001
0.001
0.001
0.001
0.001
0.001
0.001
0.001
0.001
0.001
0.001
0.001
0.001
0.40402353272961555
0.29509346997072794
0.6904130057480188
0.4688945655784518
1.0
1.0
1.0
1.0
1.0
1.0
1.0
1.0
1.0
1.0
1.0
1.0
1.0
1.0
1.0
1.0
1.0
1.0
1.0
1.0
1.0
1.0
1.0
1.0
1.0
1.0
1.0
1.0
1.0
1.0
1.0
1.0
1.0
1.0
1.0
1.0
1.0
1.0
1.0
1.0
1.0
1.0
1.0
1.0
1.0
1.0
1.0
1.0
1.0
1.0
1.0
1.0
1.0
1.0
1.0
1.0
1.0
1.0
1.0
1.0
1.0
1.0
1.0
1.0
1.0
1.0
1.0
1.0
1.0
1.0
1.0
1.0
1.0
1.0
1.0
1.0
1.0
1.0
1.0
1.0
1.0
1.0
1.0
1.0
1.0
1.0
0.001
1.0
0.001
0.001
0.001
0.001
1.0
0.001
0.001
0.001
1.0
0.001
1.0
1.0
0.001
1.0
0.001
1.0
0.001
0.001
0.001
0.001
0.001
0.001
0.001
0.001
1.0
0.001
0.001
0.001
0.001
1.0
1.0
0.4607627574218586
1.0
1.0
0.001
0.001
1.0
0.001
1.0
0.001
1.0
1.0
1.0
1.0
0.001
1.0
0.001
1.0
0.001
0.001
0.001
0.001
0.001
0.001
0.001
0.001
0.001
0.001
0.001
0.001
0.001
0.001
0.001
0.001
0.001
0.001
0.001
0.001
0.5706821348410052
0.1905086709679603
0.6718600789207358
0.6175689779417686
1.0
1.0
1.0
1.0
1.0
1.0
1.0
1.0
1.0
1.0
1.0
1.0
1.0
1.0
1.0
1.0
1.0
1.0
1.0
1.0
1.0
1.0
1.0
1.0
1.0
1.0
1.0
1.0
1.0
1.0
1.0
1.0
1.0
1.0
1.0
1.0
1.0
1.0
1.0
1.0
1.0
1.0
1.0
1.0
1.0
1.0
1.0
1.0
1.0
1.0
1.0
1.0
1.0
1.0
1.0
1.0
1.0
1.0
1.0
1.0
1.0
1.0
1.0
1.0
1.0
1.0
1.0
1.0
1.0
1.0
1.0
1.0
0.001
1.0
0.001
1.0
0.001
0.001
0.001
0.001
0.001
0.001
0.001
0.001
1.0
1.0
1.0
1.0
0.001
1.0
0.001
1.0
0.001
0.001
0.001
0.001
0.586088674255138
0.6971118885030426
0.001
0.45019213868374325
1.0
0.001
1.0
0.001
0.001
1.0
0.001
1.0
0.001
0.001
0.001
0.001
0.001
0.001
0.001
0.001
0.001
0.47260335761893457
1.0
0.5164057314323559
0.001
1.0
0.001
0.001
0.001
0.001
0.001
0.001
1.0
0.001
1.0
1.0
1.0
1.0
1.0
1.0
0.001
0.001
0.001
0.001
0.001
0.001
0.001
0.001
0.001
0.001
0.001
0.001
0.001
0.001
0.001
0.001
0.001
0.001
0.001
0.001
0.6855929141455893
0.001
0.6370189287644833
0.7186821796890444
0.001
0.001
0.001
0.001
1.0
0.001
1.0
0.001
1.0
1.0
1.0
1.0
1.0
1.0
1.0
1.0
1.0
1.0
1.0
1.0
1.0
1.0
1.0
1.0
1.0
1.0
1.0
1.0
1.0
1.0
1.0
1.0
1.0
1.0
1.0
1.0
1.0
1.0
1.0
1.0
1.0
1.0
1.0
1.0
1.0
1.0
1.0
0.001
1.0
0.001
1.0
0.001
1.0
1.0
1.0
1.0
0.001
1.0
0.001
1.0
0.001
0.001
0.001
0.001
0.001
0.001
0.001
0.001
1.0
0.001
1.0
0.001
1.0
1.0
1.0
1.0
0.001
1.0
0.001
1.0
0.001
0.001
0.001
0.001
0.7484247896604121
1.0
0.001
1.0
1.0
0.001
1.0
1.0
0.001
1.0
0.001
1.0
0.39261422101689164
1.0
0.001
0.001
0.001
0.001
0.001
0.001
1.0
0.001
1.0
0.001
0.001
1.0
0.001
1.0
0.001
0.001
0.001
1.0
0.6335495102871862
0.001
1.0
1.0
0.001
0.001
0.001
0.001
0.001
0.001
0.001
0.001
0.6875279875086662
0.001
0.6943088911350187
0.6561528991862875
1.0
1.0
1.0
0.001
0.001
1.0
0.001
1.0
0.001
0.001
0.001
0.001
0.001
0.001
0.001
0.001
0.001
0.001
0.001
0.001
0.001
0.001
0.001
0.001
0.7606872979445962
0.001
0.6411715580423113
0.7931866642590245
0.001
0.001
0.001
0.001
0.001
0.001
0.001
0.001
1.0
0.001
1.0
0.001
1.0
1.0
1.0
1.0
1.0
1.0
0.001
1.0
1.0
0.001
0.001
0.001
1.0
0.001
1.0
0.001
1.0
1.0
1.0
0.001
0.001
1.0
0.001
1.0
0.001
0.001
0.001
0.001
1.0
1.0
1.0
1.0
0.001
1.0
1.0
1.0
0.001
0.001
0.001
0.001
1.0
0.07484090943027852
1.0
0.23089368969567797
1.0
1.0
1.0
1.0
0.001
1.0
0.001
1.0
0.001
0.001
0.001
0.001
0.001
0.001
0.001
0.001
1.0
0.001
1.0
0.001
1.0
1.0
1.0
1.0
0.001
1.0
1.0
1.0
1.0
1.0
0.001
1.0
1.0
0.001
1.0
0.6335893751492898
1.0
1.0
1.0
1.0
0.001
0.001
0.001
0.001
0.001
0.001
0.001
0.001
0.001
0.001
0.001
0.001
1.0
0.6899670127718174
1.0
0.6641873340642238
1.0
1.0
0.001
1.0
1.0
0.001
1.0
1.0
0.001
0.001
0.001
0.001
0.001
0.001
0.001
0.001
0.7063395434804111
0.32685125510485014
1.0
0.9138625367344669
0.001
0.001
0.001
0.001
1.0
1.0
1.0
1.0
0.001
1.0
0.001
1.0
0.001
0.001
0.001
0.001
0.001
0.001
0.001
0.001
0.001
0.001
0.001
0.001
0.8297660339821369
0.001
0.6618735090024396
0.8596969906272797
0.001
0.001
0.001
0.001
0.001
0.001
0.001
0.001
0.001
0.001
0.001
0.001
0.001
0.001
0.001
0.001
1.0
1.0
1.0
1.0
0.001
0.001
0.001
0.001
0.001
0.001
0.001
0.001
0.001
0.001
0.001
0.001
1.0
0.001
1.0
0.001
0.001
1.0
0.001
1.0
0.7818144627406025
1.0
0.001
0.8590445758313533
1.0
1.0
1.0
0.001
0.001
1.0
0.001
1.0
0.23897016885870992
0.1197226974990873
0.001
1.0
1.0
1.0
1.0
1.0
1.0
1.0
1.0
1.0
0.001
0.001
0.001
0.001
0.001
0.001
0.001
0.001
0.001
0.001
0.001
0.001
1.0
0.001
1.0
0.001
0.001
1.0
1.0
1.0
1.0
1.0
0.001
1.0
0.5865402176506982
1.0
0.001
1.0
1.0
0.001
1.0
1.0
0.001
1.0
0.001
1.0
0.001
0.001
0.001
0.001
0.001
0.001
0.001
0.001
0.5413665054554697
0.001
0.732557785970497
0.001
1.0
0.9338073982255504
0.001
1.0
1.0
0.001
1.0
1.0
0.001
0.001
0.001
0.001
0.001
0.001
0.001
0.001
1.0
0.8123859671538586
0.001
0.8763001911242734
0.001
0.001
0.001
0.001
1.0
0.001
1.0
0.001
1.0
1.0
1.0
1.0
0.001
0.001
0.001
0.001
0.001
0.001
0.001
0.001
0.001
0.001
0.001
0.001
0.8925836559738232
0.001
0.6840710326479642
0.921302142023476
0.001
0.001
0.001
0.001
0.001
0.001
0.001
0.001
0.001
0.001
0.001
0.001
0.001
0.001
0.001
0.001
1.0
0.001
1.0
0.001
0.001
1.0
0.001
1.0
0.001
0.001
0.001
0.001
0.001
0.001
0.001
0.001
0.001
0.001
0.001
0.001
1.0
0.001
1.0
0.8687248880496431
0.8428610841151526
1.0
0.867544931946926
1.0
0.001
0.001
0.001
0.001
1.0
0.001
1.0
0.001
1.0
1.0
1.0
1.0
1.0
1.0
1.0
1.0
1.0
1.0
1.0
1.0
0.001
1.0
0.001
1.0
0.001
0.001
0.001
0.001
0.001
0.001
0.001
0.001
0.001
0.001
0.001
0.001
1.0
0.001
1.0
0.8967434095534712
1.0
0.6779083612035454
0.001
0.9913178996698232
1.0
0.001
0.001
0.982285816442518
1.0
0.001
0.001
0.9663078850732085
1.0
1.0
1.0
1.0
0.001
0.001
0.001
0.001
0.001
0.001
0.001
0.001
0.001
0.001
0.001
0.001
1.0
0.001
1.0
0.001
1.0
1.0
0.7357216798928322
1.0
0.001
0.001
0.001
0.001
0.001
0.001
0.001
0.001
0.750250068709289
1.0
0.001
0.001
0.001
0.001
0.001
0.001
0.001
0.001
0.001
0.001
1.0
1.0
1.0
1.0
0.001
1.0
0.001
1.0
0.001
0.001
0.001
0.001
0.001
0.001
0.001
0.001
0.9512781368269214
0.001
0.7056815673561568
0.97744711036936
0.001
0.001
0.001
0.001
0.001
0.001
0.001
0.001
0.001
0.001
0.001
0.001
0.001
0.001
0.001
0.001
0.001
0.001
0.001
0.001
1.0
1.0
1.0
1.0
0.001
1.0
0.001
1.0
0.001
0.001
0.001
0.001
0.001
0.001
0.001
0.001
0.7271400806973578
0.001
1.0
0.6930723044741043
1.0
1.0
1.0
1.0
0.001
0.001
0.001
0.001
0.001
0.001
0.001
0.001
1.0
0.001
1.0
0.001
1.0
1.0
1.0
1.0
1.0
0.001
1.0
0.001
1.0
1.0
1.0
1.0
0.001
1.0
0.001
1.0
0.001
0.001
0.001
0.001
0.001
0.001
0.001
0.001
0.8510796064883124
0.001
1.0
0.9590933933103049
0.7483016508424181
0.9990686120527041
0.001
0.6437804692211461
0.5846488806599991
0.6877098655755153
0.6345178327436823
0.39219938346290995
0.8959089146172087
0.001
1.0
0.7560464506181886
1.0
0.001
1.0
0.001
0.001
1.0
0.001
1.0
0.001
0.001
0.001
0.001
0.001
0.001
0.001
0.001
0.001
0.001
1.0
0.7723702798710872
1.0
1.0
0.001
0.868325653844531
0.001
0.001
0.001
0.001
0.001
0.001
1.0
0.7492354816611253
0.001
0.001
0.001
0.001
0.001
0.001
0.001
0.001
0.001
0.001
0.001
0.001
1.0
0.001
1.0
0.001
1.0
1.0
1.0
1.0
0.001
1.0
0.001
1.0
0.001
0.001
0.001
0.001
1.0
0.001
0.7131389835227744
1.0
0.001
0.001
0.001
0.001
0.001
0.001
0.001
0.001
0.001
0.001
0.001
0.001
0.001
0.001
0.001
0.001
0.001
0.001
0.001
0.001
1.0
0.001
1.0
0.001
1.0
1.0
1.0
1.0
0.001
0.001
0.001
0.001
0.001
0.001
0.001
0.001
0.7893550027710863
0.001
1.0
0.9572655180781597
1.0
1.0
1.0
0.001
0.001
1.0
0.001
1.0
0.001
0.001
0.001
0.001
0.001
0.001
0.001
0.001
1.0
0.7130842612987638
0.8888014429758258
1.0
0.001
0.001
0.001
0.001
1.0
1.0
1.0
1.0
1.0
1.0
1.0
1.0
0.001
0.001
0.001
0.001
0.001
0.001
0.001
0.001
0.9609572720136945
0.6452444265951135
1.0
1.0
0.6542177088116196
0.7170125846678943
0.5768751001778415
0.7324184824257134
0.35749681989444504
0.5992734258470568
0.001
0.001
0.9930545333254921
0.001
0.744289499541418
0.9131304160877588
0.001
0.001
0.001
0.001
1.0
1.0
1.0
1.0
0.001
0.001
0.001
0.001
0.001
0.001
0.001
0.001
0.9546799493111974
0.001
1.0
1.0
0.8558759439357718
1.0
0.001
0.8808802846245745
0.001
0.001
0.001
0.001
0.8663747078893075
0.001
0.8353148201299996
0.9787775468101392
0.001
0.001
0.001
0.001
0.001
0.001
0.001
0.001
0.001
0.001
0.001
0.001
0.001
0.001
0.001
0.001
1.0
1.0
1.0
1.0
1.0
1.0
0.001
1.0
1.0
0.001
0.9321148240279681
0.001
1.0
0.001
0.7743297757476111
1.0
0.001
0.001
0.001
0.001
0.001
0.001
0.001
0.001
0.001
0.001
0.001
0.001
0.001
0.001
0.001
0.001
0.001
0.001
0.001
0.001
0.001
0.001
0.001
0.001
1.0
1.0
1.0
1.0
0.001
1.0
0.001
1.0
0.001
0.001
0.001
0.001
0.9868501679065115
0.659278506865783
1.0
1.0
0.001
0.001
0.001
0.001
1.0
1.0
1.0
1.0
0.001
0.001
0.001
0.001
0.001
0.001
0.001
0.001
1.0
1.0
0.001
0.8283479117830739
0.001
0.001
0.001
0.001
1.0
0.001
1.0
0.001
1.0
1.0
1.0
1.0
0.001
1.0
0.001
1.0
0.001
0.001
0.001
0.001
0.9945749985372443
1.0
0.004820790843995458
0.919317817781874
0.7680427550089787
1.0
0.8186189642423629
0.8284864168527267
0.001
0.001
0.001
0.001
0.9346430347171898
0.7542004906537442
0.001
0.8368120113763365
0.001
0.001
0.001
0.001
1.0
0.001
1.0
0.001
0.001
1.0
0.001
1.0
0.001
0.001
0.001
0.001
1.0
0.9862407255511866
1.0
1.0
0.909636996495211
0.001
0.57841321543291
0.9710636286539355
0.001
0.001
0.001
0.001
0.978778002310423
0.8352949642693012
0.001
0.8663780495742143
0.001
0.001
0.001
0.001
0.001
0.001
0.001
0.001
0.001
0.001
0.001
0.001
0.001
0.001
0.001
0.001
1.0
0.001
1.0
0.001
1.0
1.0
1.0
1.0
0.001
1.0
0.001
1.0
1.0
0.001
0.6274460311207958
1.0
0.001
0.001
0.001
0.001
0.001
0.001
0.001
0.001
0.001
0.001
0.001
0.001
0.001
0.001
0.001
0.001
0.001
0.001
0.001
0.001
0.001
0.001
0.001
0.001
1.0
0.001
1.0
0.001
1.0
1.0
1.0
1.0
0.001
1.0
0.001
1.0
1.0
1.0
0.6219844097496787
0.9947763392236278
0.001
0.001
0.001
0.001
1.0
0.001
1.0
0.001
0.001
1.0
0.001
1.0
0.001
0.001
1.0
0.711433030229609
0.6239816793986739
1.0
0.001
0.001
0.001
0.001
0.001
0.001
0.001
0.001
0.001
0.001
1.0
0.7028851239765065
1.0
0.7421894793701321
1.0
1.0
1.0
1.0
0.001
1.0
1.0
1.0
0.7935379669130047
0.8383297474920642
0.29880130806141103
0.739426666580228
0.8465034780782936
1.0
1.0
0.6569105124224907
0.001
0.001
0.001
0.001
0.7113739035632566
1.0
0.001
0.001
0.001
0.001
0.001
0.001
0.001
0.001
0.001
0.001
1.0
1.0
1.0
1.0
0.001
1.0
0.7629642517526833
1.0
1.0
1.0
0.001
1.0
1.0
0.261165103227036
1.0
0.7683732750797952
0.001
0.001
0.001
0.001
0.7492440381419176
1.0
0.001
0.001
0.001
0.001
0.001
0.001
0.001
0.001
0.001
0.001
0.001
0.001
0.001
0.001
0.001
0.001
0.001
0.001
0.001
0.001
0.001
0.001
1.0
0.001
1.0
1.0
1.0
1.0
1.0
1.0
1.0
1.0
0.6954795846703815
1.0
0.001
0.001
0.001
0.001
0.001
0.001
0.001
0.001
0.001
0.001
0.001
0.001
0.001
0.001
0.001
0.001
0.001
0.001
0.001
0.001
0.001
0.001
0.001
0.001
0.001
0.001
0.001
0.001
1.0
0.9624927534495012
1.0
1.0
1.0
1.0
1.0
1.0
0.9554578725829108
1.0
0.001
0.7975460339927014
0.001
0.001
0.001
0.001
0.001
0.001
0.001
0.001
1.0
1.0
1.0
1.0
0.8745501982519888
0.7511183962460456
1.0
1.0
0.001
0.001
0.001
0.001
0.001
0.001
0.001
0.001
0.001
0.001
0.001
0.001
0.6320310330406986
0.001
0.8274563778182734
0.001
1.0
1.0
1.0
1.0
1.0
1.0
1.0
1.0
0.7022200218398355
0.9216472429794818
0.8988644785652217
0.8167127281774323
0.6269125514207415
0.00584892827622291
1.0
0.001
0.001
1.0
1.0
0.8840818450474432
0.001
0.001
0.001
0.001
0.001
0.001
0.001
0.001
0.001
0.001
0.001
0.001
1.0
0.001
1.0
0.9581938001487468
1.0
1.0
1.0
1.0
0.8528694563494816
1.0
0.001
0.6827908848969755
0.7404750266233012
0.001
1.0
0.001
0.001
1.0
1.0
0.9466193145890047
0.001
0.001
0.001
0.001
0.001
0.001
0.001
0.001
0.001
0.001
0.001
0.001
0.001
0.001
0.001
0.001
0.001
0.001
0.001
0.001
0.001
0.001
0.001
0.001
0.9223254588822639
0.001
1.0
0.001
1.0
1.0
1.0
1.0
1.0
1.0
0.7415975678475407
1.0
0.001
0.001
0.001
0.001
0.001
0.001
0.001
0.001
0.001
0.001
0.001
0.001
0.001
0.001
0.001
0.001
0.001
0.001
0.001
0.001
0.001
0.001
0.001
0.001
0.001
0.001
0.001
0.001
0.9585208256482453
0.001
1.0
0.001
1.0
1.0
1.0
1.0
0.6783013401991767
1.0
0.001
0.001
0.001
0.001
0.001
0.001
0.001
0.001
0.001
0.001
1.0
0.001
1.0
0.8611275079430738
1.0
1.0
0.001
1.0
0.001
0.001
0.001
0.001
0.001
0.001
0.001
0.001
0.001
0.001
0.001
0.001
0.001
0.001
0.001
0.001
1.0
0.001
1.0
0.8966914598432201
1.0
1.0
1.0
1.0
0.9249751678625898
1.0
0.3794564256713529
0.835220096751152
0.001
0.001
0.001
0.001
0.99562391240804
1.0
0.8915475216425507
1.0
0.001
0.001
0.001
0.001
0.001
0.001
0.001
0.001
0.001
0.001
0.001
0.001
0.7238845681558638
0.001
1.0
0.001
1.0
1.0
1.0
1.0
0.5882912650617009
1.0
0.001
0.001
0.001
0.001
0.001
0.001
1.0
1.0
0.9856657668834061
1.0
0.001
0.001
0.001
0.001
0.001
0.001
0.001
0.001
0.001
0.001
0.001
0.001
0.001
0.001
0.001
0.001
0.001
0.001
0.001
0.001
0.001
0.001
0.001
0.001
0.001
0.001
0.001
0.001
1.0
1.0
1.0
1.0
1.0
1.0
0.6721422189703031
1.0
0.001
0.001
0.001
0.001
0.001
0.001
0.001
0.001
0.001
0.001
0.001
0.001
0.001
0.001
0.001
0.001
0.001
0.001
0.001
0.001
0.001
0.001
0.001
0.001
0.001
0.001
0.001
0.001
0.001
0.001
1.0
0.9585451960161812
1.0
1.0
1.0
1.0
0.001
1.0
0.001
0.6782702257594591
0.001
0.001
0.001
0.001
0.001
0.001
0.001
0.001
0.8611658719175308
0.001
1.0
1.0
1.0
1.0
0.001
1.0
0.001
0.001
0.001
0.001
0.001
0.001
0.001
0.001
0.001
0.001
0.001
0.001
0.001
0.001
0.001
0.001
0.8964497197283905
0.001
1.0
1.0
1.0
1.0
1.0
1.0
0.8352286391464272
1.0
0.37949504636871023
0.9250479952749727
0.001
0.001
0.001
0.001
1.0
1.0
0.8915104835103473
0.9956270925897318
0.001
0.001
0.001
0.001
0.001
0.001
0.001
0.001
0.001
0.001
0.001
0.001
0.001
0.001
1.0
0.7238964722187512
1.0
1.0
1.0
1.0
0.001
1.0
0.001
0.5880416583225888
0.001
0.001
0.001
0.001
1.0
1.0
0.985735691258444
1.0
0.001
0.001
0.001
0.001
0.001
0.001
0.001
0.001
0.001
0.001
0.001
0.001
0.001
0.001
0.001
0.001
0.001
0.001
0.001
0.001
0.001
0.001
0.001
0.001
0.001
0.001
0.001
0.001
1.0
1.0
1.0
1.0
1.0
1.0
0.6720863040955196
1.0
0.001
0.001
0.001
0.001
0.001
0.001
0.001
0.001
0.001
0.001
0.001
0.001
0.001
0.001
0.001
0.001
0.001
0.001
0.001
0.001
0.001
0.001
0.001
0.001
0.001
0.001
0.001
0.001
1.0
0.9625097873403585
1.0
1.0
1.0
1.0
1.0
1.0
0.7975082324217253
1.0
0.001
0.9554000429556182
0.001
0.001
0.001
0.001
0.001
0.001
0.001
0.001
1.0
1.0
1.0
1.0
1.0
0.7513357030577973
1.0
0.874447509373729
0.001
0.001
0.001
0.001
0.001
0.001
0.001
0.001
0.001
0.001
0.001
0.001
0.001
0.001
0.8264849416321961
0.6313658151906204
1.0
1.0
1.0
1.0
1.0
1.0
1.0
1.0
0.8167761546918528
0.9216456935507924
0.8989810306510818
0.7022465760402699
0.001
0.005857927789809967
1.0
0.6269185965622963
0.8840759803024695
1.0
1.0
0.001
0.001
0.001
0.001
0.001
0.001
0.001
0.001
0.001
0.001
0.001
0.001
0.001
0.9581914437360824
0.001
1.0
1.0
1.0
1.0
1.0
1.0
0.6825169308159399
1.0
0.001
0.852586267885073
0.001
0.001
1.0
0.7406293749961248
0.9466049901826228
1.0
1.0
0.001
0.001
0.001
0.001
0.001
0.001
0.001
0.001
0.001
0.001
0.001
0.001
0.001
0.001
0.001
0.001
0.001
0.001
0.001
0.001
0.001
0.001
0.001
0.001
0.001
0.001
0.001
1.0
0.9223275116317218
1.0
1.0
1.0
1.0
1.0
1.0
0.7414615293048384
1.0
0.001
0.001
0.001
0.001
0.001
0.001
0.001
0.001
0.001
0.001
0.001
0.001
0.001
0.001
0.001
0.001
0.001
0.001
0.001
0.001
0.001
0.001
0.001
0.001
0.001
0.001
1.0
1.0
1.0
1.0
1.0
1.0
1.0
1.0
0.001
0.001
0.994741328737401
1.0
0.6218765004243441
1.0
0.001
0.001
0.001
0.001
0.001
0.001
1.0
1.0
1.0
1.0
0.001
0.001
0.7114305751110696
0.001
1.0
0.001
0.001
1.0
0.001
0.6238454164243864
0.001
0.001
0.001
0.001
0.001
0.001
0.001
0.001
0.7400415573551753
0.7007695410524034
1.0
1.0
1.0
1.0
1.0
1.0
1.0
1.0
1.0
0.001
0.7393879407866183
0.8382109794498137
0.29936362034601494
0.7934641850029605
0.6569274086556268
1.0
1.0
0.8465455210467084
0.001
0.001
0.001
0.001
0.001
1.0
0.001
0.7113445658241693
0.001
0.001
0.001
0.001
0.001
0.001
0.001
0.001
1.0
1.0
1.0
1.0
1.0
1.0
0.7659390748572718
0.001
1.0
1.0
0.001
1.0
0.7688194420428772
0.25834252994089824
1.0
1.0
0.001
0.001
0.001
0.001
0.001
1.0
0.001
0.7492240142763701
0.001
0.001
0.001
0.001
0.001
0.001
0.001
0.001
0.001
0.001
0.001
0.001
0.001
0.001
0.001
0.001
0.001
0.001
0.001
0.001
1.0
0.001
1.0
1.0
1.0
1.0
1.0
1.0
1.0
1.0
0.6952457784026342
1.0
0.001
0.001
0.001
0.001
0.001
0.001
0.001
0.001
0.001
0.001
0.001
0.001
0.001
0.001
0.001
0.001
0.001
0.001
0.001
0.001
0.001
0.001
0.001
0.001
1.0
1.0
1.0
1.0
1.0
1.0
0.001
0.001
0.001
0.001
0.001
0.001
1.0
0.659216537756799
1.0
0.9868308456336625
0.001
0.001
0.001
0.001
1.0
1.0
1.0
1.0
0.001
0.001
0.001
0.001
0.001
0.001
0.001
0.001
0.8281365531584248
1.0
0.001
1.0
0.001
0.001
0.001
0.001
0.001
0.001
1.0
1.0
1.0
1.0
1.0
1.0
1.0
1.0
0.001
0.001
0.001
0.001
0.001
0.001
0.9191989914098497
1.0
0.004808654992719703
0.9945014338083674
0.8285448176695953
1.0
0.8187282830199017
0.7681497615878561
0.001
0.001
0.001
0.001
0.8367905045390778
0.7541766285090763
0.001
0.9346160925549342
0.001
0.001
0.001
0.001
0.001
0.001
1.0
1.0
1.0
1.0
0.001
0.001
0.001
0.001
0.001
0.001
1.0
0.9873043819448035
1.0
1.0
0.9711380823430933
0.001
0.5780581650089502
0.9095631260058475
0.001
0.001
0.001
0.001
0.8663660484244841
0.8353689639498265
0.001
0.9787825190512505
0.001
0.001
0.001
0.001
0.001
0.001
0.001
0.001
0.001
0.001
0.001
0.001
0.001
0.001
0.001
0.001
0.001
0.001
1.0
1.0
1.0
1.0
1.0
1.0
1.0
1.0
0.001
0.001
1.0
0.001
0.6271381056411698
1.0
0.001
0.001
0.001
0.001
0.001
0.001
0.001
0.001
0.001
0.001
0.001
0.001
0.001
0.001
0.001
0.001
0.001
0.001
0.001
0.001
0.001
0.001
1.0
1.0
1.0
1.0
1.0
1.0
0.001
0.001
0.001
0.001
0.001
0.001
0.001
0.001
0.957232357625569
0.001
1.0
0.7893425180789762
0.001
1.0
1.0
1.0
1.0
1.0
0.001
0.001
0.001
0.001
0.001
0.001
0.001
0.001
0.001
0.001
1.0
0.7129189155853227
0.888895852828577
1.0
0.001
0.001
0.001
0.001
1.0
1.0
1.0
1.0
1.0
1.0
1.0
1.0
0.001
0.001
0.001
0.001
0.001
0.001
0.001
0.001
1.0
0.6451775276934938
1.0
0.9608856139031946
0.7324961130825126
0.7170678117612584
0.577000457675313
0.6542700801304425
0.001
0.5994679874236291
0.001
0.3576217513335985
0.913103150132729
0.001
0.7442724554863339
0.9930397647739191
0.001
0.001
0.001
0.001
1.0
1.0
1.0
1.0
0.001
0.001
0.001
0.001
0.001
0.001
0.001
0.001
1.0
0.001
1.0
0.954989009448633
0.8807341569398237
1.0
0.001
0.8557387884637815
0.001
0.001
0.001
0.001
0.9787927030157433
0.001
0.8353398128933163
0.8663747468095445
0.001
0.001
0.001
0.001
0.001
0.001
0.001
0.001
0.001
0.001
0.001
0.001
0.001
0.001
0.001
0.001
1.0
1.0
1.0
1.0
1.0
1.0
0.001
1.0
0.001
0.001
0.9322105015936898
1.0
1.0
0.001
0.7740746254031388
1.0
0.001
0.001
0.001
0.001
0.001
0.001
0.001
0.001
0.001
0.001
0.001
0.001
0.001
0.001
0.001
0.001
0.001
0.001
0.001
0.001
1.0
1.0
1.0
1.0
1.0
1.0
0.001
0.001
0.001
0.001
0.001
0.001
0.001
0.001
0.001
0.001
0.6930647060960679
0.001
1.0
0.7271446506405209
1.0
1.0
1.0
1.0
0.001
0.001
0.001
0.001
0.001
0.001
0.001
0.001
0.001
0.001
1.0
1.0
1.0
1.0
1.0
1.0
0.001
0.001
1.0
1.0
1.0
1.0
1.0
1.0
1.0
1.0
0.001
0.001
0.001
0.001
0.001
0.001
0.001
0.001
0.001
0.001
0.9590289865160667
0.001
1.0
0.8510722756904955
0.6438506932841559
0.9990354793866991
0.001
0.7483264862236699
0.3923466590701309
0.6878614721019453
0.6345117252642419
0.5847171204614902
0.7560211685017562
0.001
1.0
0.8958511712638173
0.001
0.001
1.0
1.0
1.0
1.0
0.001
0.001
0.001
0.001
0.001
0.001
0.001
0.001
0.001
0.001
0.7725760927219029
0.001
1.0
0.001
0.8680797037442683
1.0
0.001
1.0
0.001
0.001
0.001
0.001
0.7492402301750097
0.001
1.0
0.001
0.001
0.001
0.001
0.001
0.001
0.001
0.001
0.001
0.001
0.001
0.001
0.001
0.001
0.001
1.0
1.0
1.0
1.0
1.0
1.0
1.0
1.0
0.001
0.001
0.001
0.001
0.001
0.001
1.0
0.001
0.7128308245226919
1.0
0.001
0.001
0.001
0.001
0.001
0.001
0.001
0.001
0.001
0.001
0.001
0.001
0.001
0.001
0.001
0.001
0.001
0.001
1.0
1.0
1.0
1.0
0.001
0.001
0.001
0.001
0.001
0.001
0.001
0.001
0.001
0.001
0.001
0.001
0.001
0.001
0.8687253325133795
0.001
1.0
1.0
1.0
1.0
0.867585708877576
0.8427774067108488
0.001
0.001
0.001
0.001
0.001
0.001
1.0
1.0
1.0
1.0
1.0
1.0
1.0
1.0
1.0
1.0
1.0
1.0
1.0
1.0
1.0
1.0
0.001
0.001
0.001
0.001
0.001
0.001
0.001
0.001
0.001
0.001
0.001
0.001
0.001
0.001
0.8968016020148678
0.001
1.0
1.0
0.9913621184225748
0.6778017655739085
0.001
1.0
0.9822294957229186
0.001
0.001
1.0
0.9662243268649178
0.001
0.001
1.0
1.0
1.0
1.0
1.0
0.001
0.001
0.001
0.001
0.001
0.001
0.001
0.001
0.001
0.001
0.001
0.001
0.001
0.001
1.0
1.0
1.0
1.0
0.7355457258955657
1.0
0.001
0.001
0.001
0.001
0.001
0.001
0.001
0.001
0.001
1.0
0.001
0.750249442420868
0.001
0.001
0.001
0.001
0.001
0.001
0.001
0.001
1.0
1.0
1.0
1.0
1.0
1.0
0.001
0.001
0.001
0.001
0.001
0.001
0.001
0.001
0.001
0.001
0.9775546272455922
0.001
0.7054557717362175
0.9513758627618719
0.001
0.001
0.001
0.001
0.001
0.001
0.001
0.001
0.001
0.001
0.001
0.001
0.001
0.001
0.001
0.001
1.0
1.0
1.0
1.0
0.001
0.001
0.001
0.001
0.001
0.001
0.001
0.001
0.001
0.001
0.001
0.001
0.001
0.001
1.0
1.0
1.0
1.0
0.001
0.001
0.8589181622520843
1.0
0.001
0.7816253710044611
0.001
1.0
1.0
1.0
1.0
1.0
0.001
0.001
1.0
0.12541296254166745
0.001
0.24298716134244455
1.0
1.0
1.0
1.0
1.0
1.0
1.0
1.0
0.001
0.001
0.001
0.001
0.001
0.001
0.001
0.001
0.001
0.001
0.001
0.001
0.001
0.001
1.0
1.0
1.0
1.0
1.0
0.001
1.0
1.0
0.001
1.0
1.0
1.0
0.001
0.5866982272242659
1.0
0.001
1.0
1.0
1.0
1.0
0.001
0.001
0.001
0.001
0.001
0.001
0.001
0.001
0.001
0.001
0.001
0.001
0.7325374218396222
0.5413546613013506
1.0
0.9337986683285047
0.001
1.0
1.0
0.001
1.0
1.0
0.001
0.001
0.001
0.001
0.001
0.001
0.001
0.001
0.8762644568939502
0.8124876125279784
0.001
1.0
0.001
0.001
0.001
0.001
0.001
0.001
1.0
1.0
1.0
1.0
1.0
1.0
0.001
0.001
0.001
0.001
0.001
0.001
0.001
0.001
0.001
0.001
0.001
0.001
0.9213968465074083
0.001
0.6838937969521917
0.8926750121927369
0.001
0.001
0.001
0.001
0.001
0.001
0.001
0.001
0.001
0.001
1.0
1.0
1.0
1.0
1.0
1.0
1.0
1.0
0.001
1.0
0.001
0.001
0.001
1.0
0.001
0.001
1.0
1.0
0.001
1.0
1.0
1.0
1.0
1.0
0.001
0.001
0.001
0.001
0.001
0.001
1.0
1.0
1.0
1.0
1.0
1.0
1.0
0.001
0.001
0.001
0.001
0.001
0.23491008623013213
0.08049826983665588
1.0
1.0
1.0
1.0
1.0
1.0
1.0
1.0
0.001
0.001
0.001
0.001
0.001
0.001
0.001
0.001
0.001
0.001
0.001
0.001
1.0
1.0
1.0
1.0
1.0
1.0
1.0
1.0
1.0
0.001
1.0
1.0
0.001
1.0
0.6338851239598806
0.001
1.0
1.0
1.0
1.0
1.0
1.0
0.001
0.001
0.001
0.001
0.001
0.001
0.001
0.001
0.001
0.001
0.001
0.001
0.6641145302546022
0.6898881145841437
1.0
1.0
1.0
1.0
0.001
1.0
1.0
0.001
1.0
1.0
0.001
0.001
0.001
0.001
0.001
0.001
0.001
0.001
0.9138844765265995
0.32710190973608455
1.0
0.7063779577387606
0.001
0.001
0.001
0.001
1.0
1.0
1.0
1.0
1.0
1.0
0.001
0.001
0.001
0.001
0.001
0.001
0.001
0.001
0.001
0.001
0.001
0.001
0.001
0.001
0.859786448177857
0.001
0.6617388348158838
0.8298460939497221
0.001
0.001
0.001
0.001
0.001
0.001
1.0
1.0
1.0
1.0
1.0
1.0
1.0
1.0
1.0
1.0
1.0
1.0
1.0
1.0
1.0
1.0
1.0
1.0
1.0
1.0
1.0
1.0
1.0
1.0
1.0
1.0
1.0
1.0
1.0
1.0
1.0
1.0
1.0
1.0
1.0
1.0
1.0
1.0
0.001
1.0
1.0
1.0
0.001
0.001
1.0
1.0
1.0
1.0
1.0
1.0
1.0
1.0
0.001
0.001
0.001
0.001
0.001
0.001
0.001
0.001
0.001
0.001
0.001
0.001
1.0
1.0
1.0
1.0
1.0
1.0
1.0
1.0
0.001
0.001
0.001
0.001
0.001
0.001
1.0
1.0
0.001
0.7483915242490107
1.0
0.001
1.0
1.0
1.0
1.0
0.001
0.001
0.001
1.0
0.001
0.39260248452410634
0.001
0.001
0.001
0.001
0.001
0.001
1.0
1.0
1.0
1.0
0.001
0.001
1.0
0.001
0.001
0.001
1.0
0.001
1.0
0.633488652417206
0.001
0.001
0.001
0.001
0.001
0.001
0.001
0.001
0.6562865343394328
0.001
0.6942204991205887
0.6876432664158917
0.001
1.0
1.0
1.0
1.0
1.0
0.001
0.001
0.001
0.001
0.001
0.001
0.001
0.001
0.001
0.001
0.001
0.001
0.001
0.001
0.001
0.001
0.001
0.001
0.7932627805978721
0.001
0.6411063598607978
0.7607490972366999
1.0
1.0
1.0
1.0
1.0
1.0
1.0
1.0
1.0
1.0
1.0
1.0
1.0
1.0
1.0
1.0
1.0
1.0
1.0
1.0
1.0
1.0
1.0
1.0
1.0
1.0
1.0
1.0
1.0
1.0
1.0
1.0
1.0
1.0
1.0
1.0
1.0
1.0
1.0
1.0
1.0
1.0
1.0
1.0
1.0
1.0
1.0
1.0
1.0
1.0
1.0
1.0
1.0
1.0
1.0
1.0
1.0
1.0
1.0
1.0
1.0
1.0
1.0
1.0
1.0
1.0
1.0
1.0
1.0
1.0
1.0
1.0
1.0
1.0
0.001
0.001
0.001
0.001
0.001
0.001
0.001
0.001
0.001
0.001
1.0
1.0
1.0
1.0
1.0
1.0
0.001
0.001
0.001
0.001
0.001
0.001
0.45018192494883186
0.6971369412846182
0.001
0.5860883214991731
0.001
0.001
1.0
1.0
1.0
1.0
0.001
0.001
0.001
0.001
0.001
0.001
0.001
0.001
0.001
0.001
0.5163971605163219
0.4725681826277164
1.0
0.001
0.001
1.0
0.001
0.001
0.001
0.001
0.001
0.001
1.0
0.001
1.0
1.0
1.0
1.0
1.0
1.0
0.001
0.001
0.001
0.001
0.001
0.001
0.001
0.001
0.001
0.001
0.001
0.001
0.001
0.001
0.001
0.001
0.001
0.001
0.001
0.001
0.7187558082478818
0.001
0.6369172827312723
0.685697411967941
1.0
1.0
1.0
1.0
1.0
1.0
1.0
1.0
1.0
1.0
1.0
1.0
1.0
1.0
1.0
1.0
1.0
1.0
1.0
1.0
1.0
1.0
1.0
1.0
1.0
1.0
1.0
1.0
1.0
1.0
1.0
1.0
1.0
1.0
1.0
1.0
1.0
1.0
1.0
1.0
1.0
1.0
1.0
1.0
1.0
1.0
1.0
1.0
1.0
1.0
1.0
1.0
1.0
1.0
1.0
1.0
1.0
1.0
1.0
1.0
1.0
1.0
1.0
1.0
1.0
1.0
1.0
1.0
1.0
1.0
1.0
1.0
1.0
1.0
1.0
1.0
1.0
1.0
1.0
1.0
1.0
1.0
1.0
1.0
1.0
1.0
0.001
1.0
0.001
0.001
0.001
0.001
0.001
0.001
0.001
1.0
1.0
0.001
1.0
1.0
1.0
1.0
0.001
0.001
0.001
0.001
0.001
0.001
0.001
0.001
0.001
0.001
0.001
0.001
0.001
1.0
0.4607684450722303
1.0
1.0
0.001
0.001
1.0
0.001
1.0
0.001
0.001
1.0
1.0
1.0
1.0
1.0
1.0
1.0
1.0
0.001
0.001
0.001
0.001
0.001
0.001
0.001
0.001
0.001
0.001
0.001
0.001
0.001
0.001
0.001
0.001
0.001
0.001
0.001
0.001
0.001
0.001
0.6176991966478926
0.19037241532813018
0.6716471611013206
0.5708746581585668
1.0
1.0
1.0
1.0
1.0
1.0
1.0
1.0
1.0
1.0
1.0
1.0
1.0
1.0
1.0
1.0
1.0
1.0
1.0
1.0
1.0
1.0
1.0
1.0
1.0
1.0
1.0
1.0
1.0
1.0
1.0
1.0
1.0
1.0
1.0
1.0
1.0
1.0
1.0
1.0
1.0
1.0
1.0
1.0
1.0
1.0
1.0
1.0
1.0
1.0
1.0
1.0
1.0
1.0
1.0
1.0
1.0
1.0
1.0
1.0
1.0
1.0
1.0
1.0
1.0
1.0
1.0
1.0
1.0
1.0
1.0
1.0
1.0
1.0
1.0
1.0
1.0
1.0
1.0
1.0
1.0
1.0
1.0
1.0
1.0
1.0
1.0
1.0
1.0
1.0
1.0
1.0
1.0
1.0
1.0
1.0
1.0
1.0
0.001
1.0
0.001
0.001
0.001
1.0
0.001
0.001
0.001
1.0
0.001
0.001
1.0
1.0
1.0
0.001
0.001
0.001
0.001
0.001
0.001
0.001
1.0
1.0
1.0
1.0
1.0
1.0
1.0
1.0
1.0
1.0
0.001
0.001
0.001
0.001
0.001
0.001
0.001
0.001
0.001
0.001
0.001
0.001
0.001
0.001
0.001
0.001
0.001
0.001
0.001
0.001
0.001
0.001
0.001
0.001
0.001
0.001
0.4691534648204061
0.2947778084025344
0.6902718658052975
0.40431761989164816
1.0
1.0
1.0
1.0
1.0
1.0
1.0
1.0
1.0
1.0
1.0
1.0
1.0
1.0
1.0
1.0
1.0
1.0
1.0
1.0
1.0
1.0
1.0
1.0
1.0
1.0
1.0
1.0
1.0
1.0
1.0
1.0
1.0
1.0
1.0
1.0
1.0
1.0
1.0
1.0
1.0
1.0
1.0
1.0
1.0
1.0
1.0
1.0
1.0
1.0
1.0
1.0
1.0
1.0
1.0
1.0
1.0
1.0
1.0
1.0
1.0
1.0
1.0
1.0
1.0
1.0
1.0
1.0
1.0
1.0
1.0
1.0
1.0
1.0
1.0
1.0
1.0
1.0
1.0
1.0
1.0
1.0
1.0
1.0
1.0
1.0
1.0
1.0
1.0
1.0
1.0
1.0
1.0
1.0
1.0
1.0
1.0
1.0
1.0
1.0
1.0
1.0
1.0
1.0
1.0
1.0
1.0
1.0
1.0
1.0
1.0
1.0
1.0
1.0
1.0
1.0
1.0
1.0
1.0
1.0
1.0
1.0
1.0
1.0
1.0
1.0
0.001
0.001
0.001
0.001
0.001
0.001
0.001
0.001
0.001
0.001
0.001
0.001
0.001
0.001
0.001
0.001
0.001
0.001
0.001
0.001
0.001
0.001
0.001
0.001
0.001
0.001
0.001
0.001
0.001
0.001
0.33878589009904864
0.4423097722994659
0.7264578165251375
0.12579360090221767
1.0
1.0
1.0
1.0
1.0
1.0
1.0
1.0
1.0
1.0
1.0
1.0
1.0
1.0
1.0
1.0
1.0
1.0
1.0
1.0
1.0
1.0
1.0
1.0
1.0
1.0
1.0
1.0
1.0
1.0
1.0
1.0
1.0
1.0
1.0
1.0
1.0
1.0
1.0
1.0
1.0
1.0
1.0
1.0
1.0
1.0
1.0
1.0
1.0
1.0
1.0
1.0
1.0
1.0
1.0
1.0
1.0
1.0
1.0
1.0
1.0
1.0
1.0
1.0
1.0
1.0
1.0
1.0
1.0
1.0
1.0
1.0
1.0
1.0
1.0
1.0
1.0
1.0
1.0
1.0
1.0
1.0
1.0
1.0
1.0
1.0
1.0
1.0
1.0
1.0
1.0
1.0
1.0
1.0
1.0
1.0
1.0
1.0
1.0
1.0
1.0
1.0
1.0
1.0
1.0
1.0
1.0
1.0
1.0
1.0
1.0
1.0
1.0
1.0
1.0
1.0
1.0
1.0
1.0
1.0
1.0
1.0
0.001
1.0
0.001
0.001
0.1493776635316707
1.0
0.001
0.15085440599428002
0.21114370918455796
1.0
0.001
0.21410574994335163
0.2590291953178564
1.0
0.001
0.26316945809258124
0.2979786320294923
0.9382668944086345
0.001
0.3077123998117049
0.3359191313067445
0.9278283201556515
0.001
0.34964368812844054
0.3735055005984776
0.9237223830491063
0.001
0.39169511960559295
0.41200238613692086
0.8965100576628157
0.001
0.4374482131274461
0.4501128502722532
0.8498198598973135
0.1303334824865254
0.7397467221608255
0.8001930046294137
0.001
