12730
19450
19410
19354
19282
19194
19090
18970
18834
18682
18514
18330
18130
17914
17682
17434
17170
16890
16594
16282
15954
15610
15250
14874
14482
14074
13650
13210
12752
12268
11784
11300
10816
10332
9848
9364
8880
8396
7912
7428
6948
12730
19424
19368
19296
19208
19104
18984
18848
18696
18528
18344
18144
17928
17696
17448
17184
16904
16608
16296
15968
15624
15264
14888
14496
14088
13664
13224
12766
12282
11798
11314
10830
10346
9862
9378
8894
8410
7926
7442
6958
6484
12730
19384
19312
19224
19120
19000
18864
18712
18544
18360
18160
17944
17712
17464
17200
16920
16624
16312
15984
15640
15280
14904
14512
14104
13680
13240
12782
12298
11814
11330
10846
10362
9878
9394
8910
8426
7942
7458
6974
6494
6036
12730
19328
19240
19136
19016
18880
18728
18560
18376
18176
17960
17728
17480
17216
16936
16640
16328
16000
15656
15296
14920
14528
14120
13696
13256
12798
12314
11830
11346
10862
10378
9894
9410
8926
8442
7958
7474
6990
6510
6046
5604
12730
19256
19152
19032
18896
18744
18576
18392
18192
17976
17744
17496
17232
16952
16656
16344
16016
15672
15312
14936
14544
14136
13712
13272
12814
12330
11846
11362
10878
10394
9910
9426
8942
8458
7974
7490
7006
6526
6062
5614
5188
12730
19168
19048
18912
18760
18592
18408
18208
17992
17760
17512
17248
16968
16672
16360
16032
15688
15328
14952
14560
14152
13728
13288
12830
12346
11862
11378
10894
10410
9926
9442
8958
8474
7990
7506
7022
6542
6078
5630
5198
4788
12730
19064
18928
18776
18608
18424
18224
18008
17776
17528
17264
16984
16688
16376
16048
15704
15344
14968
14576
14168
13744
13304
12846
12362
11878
11394
10910
10426
9942
9458
8974
8490
8006
7522
7038
6558
6094
5646
5214
4798
4404
12730
18944
18792
18624
18440
18240
18024
17792
17544
17280
17000
16704
16392
16064
15720
15360
14984
14592
14184
13760
13320
12862
12378
11894
11410
10926
10442
9958
9474
8990
8506
8022
7538
7054
6574
6110
5662
5230
4814
4414
4036
12730
18808
18640
18456
18256
18040
17808
17560
17296
17016
16720
16408
16080
15736
15376
15000
14608
14200
13776
13336
12878
12394
11910
11426
10942
10458
9974
9490
9006
8522
8038
7554
7070
6590
6126
5678
5246
4830
4430
4046
3684
12730
18656
18472
18272
18056
17824
17576
17312
17032
16736
16424
16096
15752
15392
15016
14624
14216
13792
13352
12894
12410
11926
11442
10958
10474
9990
9506
9022
8538
8054
7570
7086
6606
6142
5694
5262
4846
4446
4062
3694
3348
12730
18488
18288
18072
17840
17592
17328
17048
16752
16440
16112
15768
15408
15032
14640
14232
13808
13368
12910
12426
11942
11458
10974
10490
10006
9522
9038
8554
8070
7586
7102
6622
6158
5710
5278
4862
4462
4078
3710
3358
3028
12730
18304
18088
17856
17608
17344
17064
16768
16456
16128
15784
15424
15048
14656
14248
13824
13384
12926
12442
11958
11474
10990
10506
10022
9538
9054
8570
8086
7602
7118
6638
6174
5726
5294
4878
4478
4094
3726
3374
3038
2724
12730
18104
17872
17624
17360
17080
16784
16472
16144
15800
15440
15064
14672
14264
13840
13400
12942
12458
11974
11490
11006
10522
10038
9554
9070
8586
8102
7618
7134
6654
6190
5742
5310
4894
4494
4110
3742
3390
3054
2734
2436
12730
17888
17640
17376
17096
16800
16488
16160
15816
15456
15080
14688
14280
13856
13416
12958
12474
11990
11506
11022
10538
10054
9570
9086
8602
8118
7634
7150
6670
6206
5758
5326
4910
4510
4126
3758
3406
3070
2750
2446
2164
12730
17656
17392
17112
16816
16504
16176
15832
15472
15096
14704
14296
13872
13432
12974
12490
12006
11522
11038
10554
10070
9586
9102
8618
8134
7650
7166
6686
6222
5774
5342
4926
4526
4142
3774
3422
3086
2766
2462
2174
1908
12730
17408
17128
16832
16520
16192
15848
15488
15112
14720
14312
13888
13448
12990
12506
12022
11538
11054
10570
10086
9602
9118
8634
8150
7666
7182
6702
6238
5790
5358
4942
4542
4158
3790
3438
3102
2782
2478
2190
1918
1668
12730
17144
16848
16536
16208
15864
15504
15128
14736
14328
13904
13464
13006
12522
12038
11554
11070
10586
10102
9618
9134
8650
8166
7682
7198
6718
6254
5806
5374
4958
4558
4174
3806
3454
3118
2798
2494
2206
1934
1678
1444
12730
16864
16552
16224
15880
15520
15144
14752
14344
13920
13480
13022
12538
12054
11570
11086
10602
10118
9634
9150
8666
8182
7698
7214
6734
6270
5822
5390
4974
4574
4190
3822
3470
3134
2814
2510
2222
1950
1694
1454
1236
12730
16568
16240
15896
15536
15160
14768
14360
13936
13496
13038
12554
12070
11586
11102
10618
10134
9650
9166
8682
8198
7714
7230
6750
6286
5838
5406
4990
4590
4206
3838
3486
3150
2830
2526
2238
1966
1710
1470
1246
1044
12730
16256
15912
15552
15176
14784
14376
13952
13512
13054
12570
12086
11602
11118
10634
10150
9666
9182
8698
8214
7730
7246
6766
6302
5854
5422
5006
4606
4222
3854
3502
3166
2846
2542
2254
1982
1726
1486
1262
1054
868
12730
15928
15568
15192
14800
14392
13968
13528
13070
12586
12102
11618
11134
10650
10166
9682
9198
8714
8230
7746
7262
6782
6318
5870
5438
5022
4622
4238
3870
3518
3182
2862
2558
2270
1998
1742
1502
1278
1070
878
708
12730
15584
15208
14816
14408
13984
13544
13086
12602
12118
11634
11150
10666
10182
9698
9214
8730
8246
7762
7278
6798
6334
5886
5454
5038
4638
4254
3886
3534
3198
2878
2574
2286
2014
1758
1518
1294
1086
894
718
564
12730
15224
14832
14424
14000
13560
13102
12618
12134
11650
11166
10682
10198
9714
9230
8746
8262
7778
7294
6814
6350
5902
5470
5054
4654
4270
3902
3550
3214
2894
2590
2302
2030
1774
1534
1310
1102
910
734
574
436
12730
14848
14440
14016
13576
13118
12634
12150
11666
11182
10698
10214
9730
9246
8762
8278
7794
7310
6830
6366
5918
5486
5070
4670
4286
3918
3566
3230
2910
2606
2318
2046
1790
1550
1326
1118
926
750
590
446
324
12730
14456
14032
13592
13134
12650
12166
11682
11198
10714
10230
9746
9262
8778
8294
7810
7326
6846
6382
5934
5502
5086
4686
4302
3934
3582
3246
2926
2622
2334
2062
1806
1566
1342
1134
942
766
606
462
334
228
12730
14048
13608
13150
12666
12182
11698
11214
10730
10246
9762
9278
8794
8310
7826
7342
6862
6398
5950
5518
5102
4702
4318
3950
3598
3262
2942
2638
2350
2078
1822
1582
1358
1150
958
782
622
478
350
238
148
12730
13624
13166
12682
12198
11714
11230
10746
10262
9778
9294
8810
8326
7842
7358
6878
6414
5966
5534
5118
4718
4334
3966
3614
3278
2958
2654
2366
2094
1838
1598
1374
1166
974
798
638
494
366
254
158
84
12730
13182
12698
12214
11730
11246
10762
10278
9794
9310
8826
8342
7858
7374
6894
6430
5982
5550
5134
4734
4350
3982
3630
3294
2974
2670
2382
2110
1854
1614
1390
1182
990
814
654
510
382
270
174
94
38
12730
12714
12230
11746
11262
10778
10294
9810
9326
8842
8358
7874
7390
6910
6446
5998
5566
5150
4750
4366
3998
3646
3310
2990
2686
2398
2126
1870
1630
1406
1198
1006
830
670
526
398
286
190
110
48
12
12730
12246
11762
11278
10794
10310
9826
9342
8858
8374
7890
7406
6926
6462
6014
5582
5166
4766
4382
4014
3662
3326
3006
2702
2414
2142
1886
1646
1422
1214
1022
846
686
542
414
302
206
126
64
22
2
12730
12258
11774
11290
10806
10322
9838
9354
8870
8386
7902
7418
6938
6474
6026
5594
5178
4778
4394
4026
3674
3338
3018
2714
2426
2154
1898
1658
1434
1226
1034
858
698
554
426
314
218
138
76
30
8
19452
19412
19356
19284
19196
19092
18972
18836
18684
18516
18332
18132
17916
17684
17436
17172
16892
16596
16284
15956
15612
15252
14876
14484
14076
13652
13212
12754
12270
11786
11302
10818
10334
9850
9366
8882
8398
7914
7430
6950
19434
19378
19306
19218
19114
18994
18858
18706
18538
18354
18154
17938
17706
17458
17194
16914
16618
16306
15978
15634
15274
14898
14506
14098
13674
13234
12776
12292
11808
11324
10840
10356
9872
9388
8904
8420
7936
7452
6968
6486
19394
19322
19234
19130
19010
18874
18722
18554
18370
18170
17954
17722
17474
17210
16930
16634
16322
15994
15650
15290
14914
14522
14114
13690
13250
12792
12308
11824
11340
10856
10372
9888
9404
8920
8436
7952
7468
6984
6504
6038
19338
19250
19146
19026
18890
18738
18570
18386
18186
17970
17738
17490
17226
16946
16650
16338
16010
15666
15306
14930
14538
14130
13706
13266
12808
12324
11840
11356
10872
10388
9904
9420
8936
8452
7968
7484
7000
6520
6056
5606
19266
19162
19042
18906
18754
18586
18402
18202
17986
17754
17506
17242
16962
16666
16354
16026
15682
15322
14946
14554
14146
13722
13282
12824
12340
11856
11372
10888
10404
9920
9436
8952
8468
7984
7500
7016
6536
6072
5624
5190
19178
19058
18922
18770
18602
18418
18218
18002
17770
17522
17258
16978
16682
16370
16042
15698
15338
14962
14570
14162
13738
13298
12840
12356
11872
11388
10904
10420
9936
9452
8968
8484
8000
7516
7032
6552
6088
5640
5208
4790
19074
18938
18786
18618
18434
18234
18018
17786
17538
17274
16994
16698
16386
16058
15714
15354
14978
14586
14178
13754
13314
12856
12372
11888
11404
10920
10436
9952
9468
8984
8500
8016
7532
7048
6568
6104
5656
5224
4808
4406
18954
18802
18634
18450
18250
18034
17802
17554
17290
17010
16714
16402
16074
15730
15370
14994
14602
14194
13770
13330
12872
12388
11904
11420
10936
10452
9968
9484
9000
8516
8032
7548
7064
6584
6120
5672
5240
4824
4424
4038
18818
18650
18466
18266
18050
17818
17570
17306
17026
16730
16418
16090
15746
15386
15010
14618
14210
13786
13346
12888
12404
11920
11436
10952
10468
9984
9500
9016
8532
8048
7564
7080
6600
6136
5688
5256
4840
4440
4056
3686
18666
18482
18282
18066
17834
17586
17322
17042
16746
16434
16106
15762
15402
15026
14634
14226
13802
13362
12904
12420
11936
11452
10968
10484
10000
9516
9032
8548
8064
7580
7096
6616
6152
5704
5272
4856
4456
4072
3704
3350
18498
18298
18082
17850
17602
17338
17058
16762
16450
16122
15778
15418
15042
14650
14242
13818
13378
12920
12436
11952
11468
10984
10500
10016
9532
9048
8564
8080
7596
7112
6632
6168
5720
5288
4872
4472
4088
3720
3368
3030
18314
18098
17866
17618
17354
17074
16778
16466
16138
15794
15434
15058
14666
14258
13834
13394
12936
12452
11968
11484
11000
10516
10032
9548
9064
8580
8096
7612
7128
6648
6184
5736
5304
4888
4488
4104
3736
3384
3048
2726
18114
17882
17634
17370
17090
16794
16482
16154
15810
15450
15074
14682
14274
13850
13410
12952
12468
11984
11500
11016
10532
10048
9564
9080
8596
8112
7628
7144
6664
6200
5752
5320
4904
4504
4120
3752
3400
3064
2744
2438
17898
17650
17386
17106
16810
16498
16170
15826
15466
15090
14698
14290
13866
13426
12968
12484
12000
11516
11032
10548
10064
9580
9096
8612
8128
7644
7160
6680
6216
5768
5336
4920
4520
4136
3768
3416
3080
2760
2456
2166
17666
17402
17122
16826
16514
16186
15842
15482
15106
14714
14306
13882
13442
12984
12500
12016
11532
11048
10564
10080
9596
9112
8628
8144
7660
7176
6696
6232
5784
5352
4936
4536
4152
3784
3432
3096
2776
2472
2184
1910
17418
17138
16842
16530
16202
15858
15498
15122
14730
14322
13898
13458
13000
12516
12032
11548
11064
10580
10096
9612
9128
8644
8160
7676
7192
6712
6248
5800
5368
4952
4552
4168
3800
3448
3112
2792
2488
2200
1928
1670
17154
16858
16546
16218
15874
15514
15138
14746
14338
13914
13474
13016
12532
12048
11564
11080
10596
10112
9628
9144
8660
8176
7692
7208
6728
6264
5816
5384
4968
4568
4184
3816
3464
3128
2808
2504
2216
1944
1688
1446
16874
16562
16234
15890
15530
15154
14762
14354
13930
13490
13032
12548
12064
11580
11096
10612
10128
9644
9160
8676
8192
7708
7224
6744
6280
5832
5400
4984
4584
4200
3832
3480
3144
2824
2520
2232
1960
1704
1464
1238
16578
16250
15906
15546
15170
14778
14370
13946
13506
13048
12564
12080
11596
11112
10628
10144
9660
9176
8692
8208
7724
7240
6760
6296
5848
5416
5000
4600
4216
3848
3496
3160
2840
2536
2248
1976
1720
1480
1256
1046
16266
15922
15562
15186
14794
14386
13962
13522
13064
12580
12096
11612
11128
10644
10160
9676
9192
8708
8224
7740
7256
6776
6312
5864
5432
5016
4616
4232
3864
3512
3176
2856
2552
2264
1992
1736
1496
1272
1064
870
15938
15578
15202
14810
14402
13978
13538
13080
12596
12112
11628
11144
10660
10176
9692
9208
8724
8240
7756
7272
6792
6328
5880
5448
5032
4632
4248
3880
3528
3192
2872
2568
2280
2008
1752
1512
1288
1080
888
710
15594
15218
14826
14418
13994
13554
13096
12612
12128
11644
11160
10676
10192
9708
9224
8740
8256
7772
7288
6808
6344
5896
5464
5048
4648
4264
3896
3544
3208
2888
2584
2296
2024
1768
1528
1304
1096
904
728
566
15234
14842
14434
14010
13570
13112
12628
12144
11660
11176
10692
10208
9724
9240
8756
8272
7788
7304
6824
6360
5912
5480
5064
4664
4280
3912
3560
3224
2904
2600
2312
2040
1784
1544
1320
1112
920
744
584
438
14858
14450
14026
13586
13128
12644
12160
11676
11192
10708
10224
9740
9256
8772
8288
7804
7320
6840
6376
5928
5496
5080
4680
4296
3928
3576
3240
2920
2616
2328
2056
1800
1560
1336
1128
936
760
600
456
326
14466
14042
13602
13144
12660
12176
11692
11208
10724
10240
9756
9272
8788
8304
7820
7336
6856
6392
5944
5512
5096
4696
4312
3944
3592
3256
2936
2632
2344
2072
1816
1576
1352
1144
952
776
616
472
344
230
14058
13618
13160
12676
12192
11708
11224
10740
10256
9772
9288
8804
8320
7836
7352
6872
6408
5960
5528
5112
4712
4328
3960
3608
3272
2952
2648
2360
2088
1832
1592
1368
1160
968
792
632
488
360
248
150
13634
13176
12692
12208
11724
11240
10756
10272
9788
9304
8820
8336
7852
7368
6888
6424
5976
5544
5128
4728
4344
3976
3624
3288
2968
2664
2376
2104
1848
1608
1384
1176
984
808
648
504
376
264
168
86
13192
12708
12224
11740
11256
10772
10288
9804
9320
8836
8352
7868
7384
6904
6440
5992
5560
5144
4744
4360
3992
3640
3304
2984
2680
2392
2120
1864
1624
1400
1192
1000
824
664
520
392
280
184
104
40
12724
12240
11756
11272
10788
10304
9820
9336
8852
8368
7884
7400
6920
6456
6008
5576
5160
4760
4376
4008
3656
3320
3000
2696
2408
2136
1880
1640
1416
1208
1016
840
680
536
408
296
200
120
58
14
12736
12252
11768
11284
10800
10316
9832
9348
8864
8380
7896
7412
6932
6468
6020
5588
5172
4772
4388
4020
3668
3332
3012
2708
2420
2148
1892
1652
1428
1220
1028
852
692
548
420
308
212
132
70
4
12730
19451
19411
19355
19283
19195
19091
18971
18835
18683
18515
18331
18131
17915
17683
17435
17171
16891
16595
16283
15955
15611
15251
14875
14483
14075
13651
13211
12753
12269
11785
11301
10817
10333
9849
9365
8881
8397
7913
7429
6949
12730
19425
19369
19297
19209
19105
18985
18849
18697
18529
18345
18145
17929
17697
17449
17185
16905
16609
16297
15969
15625
15265
14889
14497
14089
13665
13225
12767
12283
11799
11315
10831
10347
9863
9379
8895
8411
7927
7443
6959
6485
12730
19385
19313
19225
19121
19001
18865
18713
18545
18361
18161
17945
17713
17465
17201
16921
16625
16313
15985
15641
15281
14905
14513
14105
13681
13241
12783
12299
11815
11331
10847
10363
9879
9395
8911
8427
7943
7459
6975
6495
6037
12730
19329
19241
19137
19017
18881
18729
18561
18377
18177
17961
17729
17481
17217
16937
16641
16329
16001
15657
15297
14921
14529
14121
13697
13257
12799
12315
11831
11347
10863
10379
9895
9411
8927
8443
7959
7475
6991
6511
6047
5605
12730
19257
19153
19033
18897
18745
18577
18393
18193
17977
17745
17497
17233
16953
16657
16345
16017
15673
15313
14937
14545
14137
13713
13273
12815
12331
11847
11363
10879
10395
9911
9427
8943
8459
7975
7491
7007
6527
6063
5615
5189
12730
19169
19049
18913
18761
18593
18409
18209
17993
17761
17513
17249
16969
16673
16361
16033
15689
15329
14953
14561
14153
13729
13289
12831
12347
11863
11379
10895
10411
9927
9443
8959
8475
7991
7507
7023
6543
6079
5631
5199
4789
12730
19065
18929
18777
18609
18425
18225
18009
17777
17529
17265
16985
16689
16377
16049
15705
15345
14969
14577
14169
13745
13305
12847
12363
11879
11395
10911
10427
9943
9459
8975
8491
8007
7523
7039
6559
6095
5647
5215
4799
4405
12730
18945
18793
18625
18441
18241
18025
17793
17545
17281
17001
16705
16393
16065
15721
15361
14985
14593
14185
13761
13321
12863
12379
11895
11411
10927
10443
9959
9475
8991
8507
8023
7539
7055
6575
6111
5663
5231
4815
4415
4037
12730
18809
18641
18457
18257
18041
17809
17561
17297
17017
16721
16409
16081
15737
15377
15001
14609
14201
13777
13337
12879
12395
11911
11427
10943
10459
9975
9491
9007
8523
8039
7555
7071
6591
6127
5679
5247
4831
4431
4047
3685
12730
18657
18473
18273
18057
17825
17577
17313
17033
16737
16425
16097
15753
15393
15017
14625
14217
13793
13353
12895
12411
11927
11443
10959
10475
9991
9507
9023
8539
8055
7571
7087
6607
6143
5695
5263
4847
4447
4063
3695
3349
12730
18489
18289
18073
17841
17593
17329
17049
16753
16441
16113
15769
15409
15033
14641
14233
13809
13369
12911
12427
11943
11459
10975
10491
10007
9523
9039
8555
8071
7587
7103
6623
6159
5711
5279
4863
4463
4079
3711
3359
3029
12730
18305
18089
17857
17609
17345
17065
16769
16457
16129
15785
15425
15049
14657
14249
13825
13385
12927
12443
11959
11475
10991
10507
10023
9539
9055
8571
8087
7603
7119
6639
6175
5727
5295
4879
4479
4095
3727
3375
3039
2725
12730
18105
17873
17625
17361
17081
16785
16473
16145
15801
15441
15065
14673
14265
13841
13401
12943
12459
11975
11491
11007
10523
10039
9555
9071
8587
8103
7619
7135
6655
6191
5743
5311
4895
4495
4111
3743
3391
3055
2735
2437
12730
17889
17641
17377
17097
16801
16489
16161
15817
15457
15081
14689
14281
13857
13417
12959
12475
11991
11507
11023
10539
10055
9571
9087
8603
8119
7635
7151
6671
6207
5759
5327
4911
4511
4127
3759
3407
3071
2751
2447
2165
12730
17657
17393
17113
16817
16505
16177
15833
15473
15097
14705
14297
13873
13433
12975
12491
12007
11523
11039
10555
10071
9587
9103
8619
8135
7651
7167
6687
6223
5775
5343
4927
4527
4143
3775
3423
3087
2767
2463
2175
1909
12730
17409
17129
16833
16521
16193
15849
15489
15113
14721
14313
13889
13449
12991
12507
12023
11539
11055
10571
10087
9603
9119
8635
8151
7667
7183
6703
6239
5791
5359
4943
4543
4159
3791
3439
3103
2783
2479
2191
1919
1669
12730
17145
16849
16537
16209
15865
15505
15129
14737
14329
13905
13465
13007
12523
12039
11555
11071
10587
10103
9619
9135
8651
8167
7683
7199
6719
6255
5807
5375
4959
4559
4175
3807
3455
3119
2799
2495
2207
1935
1679
1445
12730
16865
16553
16225
15881
15521
15145
14753
14345
13921
13481
13023
12539
12055
11571
11087
10603
10119
9635
9151
8667
8183
7699
7215
6735
6271
5823
5391
4975
4575
4191
3823
3471
3135
2815
2511
2223
1951
1695
1455
1237
12730
16569
16241
15897
15537
15161
14769
14361
13937
13497
13039
12555
12071
11587
11103
10619
10135
9651
9167
8683
8199
7715
7231
6751
6287
5839
5407
4991
4591
4207
3839
3487
3151
2831
2527
2239
1967
1711
1471
1247
1045
12730
16257
15913
15553
15177
14785
14377
13953
13513
13055
12571
12087
11603
11119
10635
10151
9667
9183
8699
8215
7731
7247
6767
6303
5855
5423
5007
4607
4223
3855
3503
3167
2847
2543
2255
1983
1727
1487
1263
1055
869
12730
15929
15569
15193
14801
14393
13969
13529
13071
12587
12103
11619
11135
10651
10167
9683
9199
8715
8231
7747
7263
6783
6319
5871
5439
5023
4623
4239
3871
3519
3183
2863
2559
2271
1999
1743
1503
1279
1071
879
709
12730
15585
15209
14817
14409
13985
13545
13087
12603
12119
11635
11151
10667
10183
9699
9215
8731
8247
7763
7279
6799
6335
5887
5455
5039
4639
4255
3887
3535
3199
2879
2575
2287
2015
1759
1519
1295
1087
895
719
565
12730
15225
14833
14425
14001
13561
13103
12619
12135
11651
11167
10683
10199
9715
9231
8747
8263
7779
7295
6815
6351
5903
5471
5055
4655
4271
3903
3551
3215
2895
2591
2303
2031
1775
1535
1311
1103
911
735
575
437
12730
14849
14441
14017
13577
13119
12635
12151
11667
11183
10699
10215
9731
9247
8763
8279
7795
7311
6831
6367
5919
5487
5071
4671
4287
3919
3567
3231
2911
2607
2319
2047
1791
1551
1327
1119
927
751
591
447
325
12730
14457
14033
13593
13135
12651
12167
11683
11199
10715
10231
9747
9263
8779
8295
7811
7327
6847
6383
5935
5503
5087
4687
4303
3935
3583
3247
2927
2623
2335
2063
1807
1567
1343
1135
943
767
607
463
335
229
12730
14049
13609
13151
12667
12183
11699
11215
10731
10247
9763
9279
8795
8311
7827
7343
6863
6399
5951
5519
5103
4703
4319
3951
3599
3263
2943
2639
2351
2079
1823
1583
1359
1151
959
783
623
479
351
239
149
12730
13625
13167
12683
12199
11715
11231
10747
10263
9779
9295
8811
8327
7843
7359
6879
6415
5967
5535
5119
4719
4335
3967
3615
3279
2959
2655
2367
2095
1839
1599
1375
1167
975
799
639
495
367
255
159
85
12730
13183
12699
12215
11731
11247
10763
10279
9795
9311
8827
8343
7859
7375
6895
6431
5983
5551
5135
4735
4351
3983
3631
3295
2975
2671
2383
2111
1855
1615
1391
1183
991
815
655
511
383
271
175
95
39
12730
12715
12231
11747
11263
10779
10295
9811
9327
8843
8359
7875
7391
6911
6447
5999
5567
5151
4751
4367
3999
3647
3311
2991
2687
2399
2127
1871
1631
1407
1199
1007
831
671
527
399
287
191
111
49
13
12730
12247
11763
11279
10795
10311
9827
9343
8859
8375
7891
7407
6927
6463
6015
5583
5167
4767
4383
4015
3663
3327
3007
2703
2415
2143
1887
1647
1423
1215
1023
847
687
543
415
303
207
127
65
23
3
12730
12259
11775
11291
10807
10323
9839
9355
8871
8387
7903
7419
6939
6475
6027
5595
5179
4779
4395
4027
3675
3339
3019
2715
2427
2155
1899
1659
1435
1227
1035
859
699
555
427
315
219
139
77
31
9
19453
19413
19357
19285
19197
19093
18973
18837
18685
18517
18333
18133
17917
17685
17437
17173
16893
16597
16285
15957
15613
15253
14877
14485
14077
13653
13213
12755
12271
11787
11303
10819
10335
9851
9367
8883
8399
7915
7431
6951
19435
19379
19307
19219
19115
18995
18859
18707
18539
18355
18155
17939
17707
17459
17195
16915
16619
16307
15979
15635
15275
14899
14507
14099
13675
13235
12777
12293
11809
11325
10841
10357
9873
9389
8905
8421
7937
7453
6969
6487
19395
19323
19235
19131
19011
18875
18723
18555
18371
18171
17955
17723
17475
17211
16931
16635
16323
15995
15651
15291
14915
14523
14115
13691
13251
12793
12309
11825
11341
10857
10373
9889
9405
8921
8437
7953
7469
6985
6505
6039
19339
19251
19147
19027
18891
18739
18571
18387
18187
17971
17739
17491
17227
16947
16651
16339
16011
15667
15307
14931
14539
14131
13707
13267
12809
12325
11841
11357
10873
10389
9905
9421
8937
8453
7969
7485
7001
6521
6057
5607
19267
19163
19043
18907
18755
18587
18403
18203
17987
17755
17507
17243
16963
16667
16355
16027
15683
15323
14947
14555
14147
13723
13283
12825
12341
11857
11373
10889
10405
9921
9437
8953
8469
7985
7501
7017
6537
6073
5625
5191
19179
19059
18923
18771
18603
18419
18219
18003
17771
17523
17259
16979
16683
16371
16043
15699
15339
14963
14571
14163
13739
13299
12841
12357
11873
11389
10905
10421
9937
9453
8969
8485
8001
7517
7033
6553
6089
5641
5209
4791
19075
18939
18787
18619
18435
18235
18019
17787
17539
17275
16995
16699
16387
16059
15715
15355
14979
14587
14179
13755
13315
12857
12373
11889
11405
10921
10437
9953
9469
8985
8501
8017
7533
7049
6569
6105
5657
5225
4809
4407
18955
18803
18635
18451
18251
18035
17803
17555
17291
17011
16715
16403
16075
15731
15371
14995
14603
14195
13771
13331
12873
12389
11905
11421
10937
10453
9969
9485
9001
8517
8033
7549
7065
6585
6121
5673
5241
4825
4425
4039
18819
18651
18467
18267
18051
17819
17571
17307
17027
16731
16419
16091
15747
15387
15011
14619
14211
13787
13347
12889
12405
11921
11437
10953
10469
9985
9501
9017
8533
8049
7565
7081
6601
6137
5689
5257
4841
4441
4057
3687
18667
18483
18283
18067
17835
17587
17323
17043
16747
16435
16107
15763
15403
15027
14635
14227
13803
13363
12905
12421
11937
11453
10969
10485
10001
9517
9033
8549
8065
7581
7097
6617
6153
5705
5273
4857
4457
4073
3705
3351
18499
18299
18083
17851
17603
17339
17059
16763
16451
16123
15779
15419
15043
14651
14243
13819
13379
12921
12437
11953
11469
10985
10501
10017
9533
9049
8565
8081
7597
7113
6633
6169
5721
5289
4873
4473
4089
3721
3369
3031
18315
18099
17867
17619
17355
17075
16779
16467
16139
15795
15435
15059
14667
14259
13835
13395
12937
12453
11969
11485
11001
10517
10033
9549
9065
8581
8097
7613
7129
6649
6185
5737
5305
4889
4489
4105
3737
3385
3049
2727
18115
17883
17635
17371
17091
16795
16483
16155
15811
15451
15075
14683
14275
13851
13411
12953
12469
11985
11501
11017
10533
10049
9565
9081
8597
8113
7629
7145
6665
6201
5753
5321
4905
4505
4121
3753
3401
3065
2745
2439
17899
17651
17387
17107
16811
16499
16171
15827
15467
15091
14699
14291
13867
13427
12969
12485
12001
11517
11033
10549
10065
9581
9097
8613
8129
7645
7161
6681
6217
5769
5337
4921
4521
4137
3769
3417
3081
2761
2457
2167
17667
17403
17123
16827
16515
16187
15843
15483
15107
14715
14307
13883
13443
12985
12501
12017
11533
11049
10565
10081
9597
9113
8629
8145
7661
7177
6697
6233
5785
5353
4937
4537
4153
3785
3433
3097
2777
2473
2185
1911
17419
17139
16843
16531
16203
15859
15499
15123
14731
14323
13899
13459
13001
12517
12033
11549
11065
10581
10097
9613
9129
8645
8161
7677
7193
6713
6249
5801
5369
4953
4553
4169
3801
3449
3113
2793
2489
2201
1929
1671
17155
16859
16547
16219
15875
15515
15139
14747
14339
13915
13475
13017
12533
12049
11565
11081
10597
10113
9629
9145
8661
8177
7693
7209
6729
6265
5817
5385
4969
4569
4185
3817
3465
3129
2809
2505
2217
1945
1689
1447
16875
16563
16235
15891
15531
15155
14763
14355
13931
13491
13033
12549
12065
11581
11097
10613
10129
9645
9161
8677
8193
7709
7225
6745
6281
5833
5401
4985
4585
4201
3833
3481
3145
2825
2521
2233
1961
1705
1465
1239
16579
16251
15907
15547
15171
14779
14371
13947
13507
13049
12565
12081
11597
11113
10629
10145
9661
9177
8693
8209
7725
7241
6761
6297
5849
5417
5001
4601
4217
3849
3497
3161
2841
2537
2249
1977
1721
1481
1257
1047
16267
15923
15563
15187
14795
14387
13963
13523
13065
12581
12097
11613
11129
10645
10161
9677
9193
8709
8225
7741
7257
6777
6313
5865
5433
5017
4617
4233
3865
3513
3177
2857
2553
2265
1993
1737
1497
1273
1065
871
15939
15579
15203
14811
14403
13979
13539
13081
12597
12113
11629
11145
10661
10177
9693
9209
8725
8241
7757
7273
6793
6329
5881
5449
5033
4633
4249
3881
3529
3193
2873
2569
2281
2009
1753
1513
1289
1081
889
711
15595
15219
14827
14419
13995
13555
13097
12613
12129
11645
11161
10677
10193
9709
9225
8741
8257
7773
7289
6809
6345
5897
5465
5049
4649
4265
3897
3545
3209
2889
2585
2297
2025
1769
1529
1305
1097
905
729
567
15235
14843
14435
14011
13571
13113
12629
12145
11661
11177
10693
10209
9725
9241
8757
8273
7789
7305
6825
6361
5913
5481
5065
4665
4281
3913
3561
3225
2905
2601
2313
2041
1785
1545
1321
1113
921
745
585
439
14859
14451
14027
13587
13129
12645
12161
11677
11193
10709
10225
9741
9257
8773
8289
7805
7321
6841
6377
5929
5497
5081
4681
4297
3929
3577
3241
2921
2617
2329
2057
1801
1561
1337
1129
937
761
601
457
327
14467
14043
13603
13145
12661
12177
11693
11209
10725
10241
9757
9273
8789
8305
7821
7337
6857
6393
5945
5513
5097
4697
4313
3945
3593
3257
2937
2633
2345
2073
1817
1577
1353
1145
953
777
617
473
345
231
14059
13619
13161
12677
12193
11709
11225
10741
10257
9773
9289
8805
8321
7837
7353
6873
6409
5961
5529
5113
4713
4329
3961
3609
3273
2953
2649
2361
2089
1833
1593
1369
1161
969
793
633
489
361
249
151
13635
13177
12693
12209
11725
11241
10757
10273
9789
9305
8821
8337
7853
7369
6889
6425
5977
5545
5129
4729
4345
3977
3625
3289
2969
2665
2377
2105
1849
1609
1385
1177
985
809
649
505
377
265
169
87
13193
12709
12225
11741
11257
10773
10289
9805
9321
8837
8353
7869
7385
6905
6441
5993
5561
5145
4745
4361
3993
3641
3305
2985
2681
2393
2121
1865
1625
1401
1193
1001
825
665
521
393
281
185
105
41
12725
12241
11757
11273
10789
10305
9821
9337
8853
8369
7885
7401
6921
6457
6009
5577
5161
4761
4377
4009
3657
3321
3001
2697
2409
2137
1881
1641
1417
1209
1017
841
681
537
409
297
201
121
59
15
12737
12253
11769
11285
10801
10317
9833
9349
8865
8381
7897
7413
6933
6469
6021
5589
5173
4773
4389
4021
3669
3333
3013
2709
2421
2149
1893
1653
1429
1221
1029
853
693
549
421
309
213
133
71
5
